Metrics/EpRet,Metrics/EpCost,Metrics/EpLen,Train/Epoch,Train/Entropy,Train/KL,Train/StopIter,Train/PolicyRatio,Train/PolicyRatio/Min,Train/PolicyRatio/Max,Train/PolicyRatio/Std,Train/LR,Train/GradientStep,Train/PolicyStd,TotalEnvSteps,Loss/Loss_pi,Loss/Loss_pi/Delta,Value/Adv,Loss/Loss_reward_critic,Loss/Loss_reward_critic/Delta,Value/reward,Time/Total,Time/Rollout,Time/Update,Time/Epoch,Time/FPS,Misc/Alpha,Misc/FinalStepNorm,Misc/gradient_norm,Misc/xHx,Misc/H_inv_g
-0.1470714509487152,77.6500015258789,1000.0,0.0,1.4188340902328491,0.0,10.0,1.0000386238098145,1.0000386238098145,1.0000386238098145,3.8564252463402227e-05,0.0,nan,0.9999014139175415,20000.0,-0.011132514104247093,-0.011132514104247093,6.675719976811934e-10,0.006244644057005644,0.006244644057005644,0.021773381158709526,96.71036529541016,90.44925689697266,6.260697841644287,96.71000671386719,206.80384826660156,0.922454297542572,0.2675550878047943,0.10032732039690018,0.02350391075015068,0.29004693031311035
0.4805332124233246,88.5999984741211,1000.0,1.0,1.417588233947754,0.0,10.0,1.0005230903625488,1.0005230903625488,1.0005230903625488,0.0005231499671936035,0.0,nan,0.9986778497695923,40000.0,-0.011194865219295025,-6.235111504793167e-05,1.8119812317252126e-09,0.005960041657090187,-0.00028460239991545677,0.013746765442192554,186.97900390625,83.98140716552734,6.268723964691162,90.25019073486328,221.606201171875,0.9460511803627014,0.24691534042358398,0.10929986089468002,0.02234604023396969,0.2609957456588745
0.9230310320854187,92.95999908447266,1000.0,2.0,1.414565920829773,0.0,10.0,1.0006844997406006,1.0006844997406006,1.0006844997406006,0.0006844997406005859,0.0,nan,0.9956688284873962,60000.0,-0.01132563129067421,-0.00013076607137918472,-5.722046170220096e-10,0.006017864216119051,5.782255902886391e-05,0.0312613844871521,273.3810729980469,80.119873046875,6.261701583862305,86.38162231445312,231.53074645996094,0.9118899703025818,0.2289438545703888,0.1282227486371994,0.02405165135860443,0.251065194606781
2.074927806854248,89.27999877929688,1000.0,3.0,1.4127728939056396,0.0,10.0,0.999399721622467,0.999399721622467,0.999399721622467,0.000600278377532959,0.0,nan,0.9940041303634644,80000.0,-0.009297105483710766,0.0020285258069634438,3.66687764596918e-08,0.008985886350274086,0.002968022134155035,0.07760239392518997,360.4336853027344,80.6393051147461,6.394766807556152,87.03413391113281,229.79493713378906,1.1615791320800781,0.24792549014091492,0.09396954625844955,0.014822861179709435,0.21343830227851868
4.413077354431152,87.66000366210938,1000.0,4.0,1.4110870361328125,0.0,10.0,0.9995647072792053,0.9995647072792053,0.9995647072792053,0.00043529272079467773,0.0,nan,0.9924343824386597,100000.0,-0.010189554654061794,-0.0008924491703510284,-2.555847089524832e-08,0.014765487983822823,0.005779601633548737,0.19846054911613464,452.2214050292969,84.91596984863281,6.846487998962402,91.76251220703125,217.95394897460938,1.04550302028656,0.23181547224521637,0.10243070125579834,0.018296968191862106,0.22172626852989197
6.393732070922852,74.30000305175781,1000.0,5.0,1.4066927433013916,0.0,10.0,1.001140832901001,1.001140832901001,1.001140832901001,0.0011407732963562012,0.0,nan,0.9879887104034424,120000.0,-0.011049001477658749,-0.0008594468235969543,-1.3399124476620727e-08,0.012528722174465656,-0.0022367658093571663,0.25758978724479675,565.5147705078125,103.80953216552734,9.442380905151367,113.25196838378906,176.59738159179688,0.9568002223968506,0.22879213094711304,0.12705101072788239,0.021846771240234375,0.23912213742733002
8.711772918701172,75.31999969482422,1000.0,6.0,1.394708514213562,0.0,10.0,1.001236915588379,1.001236915588379,1.001236915588379,0.0012368559837341309,0.0,nan,0.9762908816337585,140000.0,-0.01078761275857687,0.00026138871908187866,-4.091262795213879e-08,0.012501185759902,-2.7536414563655853e-05,0.36457332968711853,704.4739379882812,128.83958435058594,10.06414794921875,138.90379333496094,143.98455810546875,0.9530150294303894,0.2311515063047409,0.1320473700761795,0.02202065847814083,0.24254757165908813
10.866645812988281,82.08000183105469,1000.0,7.0,1.378890037536621,0.0,10.0,1.000151515007019,1.000151515007019,1.000151515007019,0.00015151500701904297,0.0,nan,0.9612513780593872,160000.0,-0.009637244045734406,0.0011503687128424644,2.3603439203156995e-08,0.017222218215465546,0.004721032455563545,0.5456100702285767,842.9793090820312,128.77857971191406,9.706550598144531,138.4851837158203,144.4197998046875,1.062336802482605,0.2436470240354538,0.13172633945941925,0.017721697688102722,0.2293500453233719
13.640861511230469,74.5,1000.0,8.0,1.3617870807647705,0.0,10.0,0.9997852444648743,0.9997852444648743,0.9997852444648743,0.00021475553512573242,0.0,nan,0.9452635645866394,180000.0,-0.009346372447907925,0.00029087159782648087,5.369186339976295e-08,0.01624884270131588,-0.0009733755141496658,0.6929031014442444,982.114501953125,129.49783325195312,9.619314193725586,139.11721801757812,143.763671875,1.083574891090393,0.2291935384273529,0.13609787821769714,0.017033811658620834,0.2115161269903183
16.010122299194336,64.9000015258789,1000.0,9.0,1.3412747383117676,0.0,10.0,0.9997982978820801,0.9997982978820801,0.9997982978820801,0.00020170211791992188,0.0,nan,0.9263763427734375,200000.0,-0.009418017230927944,-7.164478302001953e-05,6.58035261835721e-08,0.01953595131635666,0.003287108615040779,0.8246634006500244,1121.30859375,129.42401123046875,9.715697288513184,139.13975524902344,143.74037170410156,1.0537866353988647,0.22931888699531555,0.14535188674926758,0.018010441213846207,0.21761411428451538
17.541324615478516,55.81999969482422,1000.0,10.0,1.319037675857544,0.0,10.0,0.9983963370323181,0.9983963370323181,0.9983963370323181,0.0016036629676818848,0.0,nan,0.9066945314407349,220000.0,-0.008982479572296143,0.0004355376586318016,-7.247924571629483e-08,0.02085878886282444,0.001322837546467781,0.9593843817710876,1260.9814453125,129.5205535888672,10.097843170166016,139.6184539794922,143.24754333496094,1.095571756362915,0.25282567739486694,0.13970638811588287,0.016662804409861565,0.23077049851417542
19.35232162475586,49.880001068115234,1000.0,11.0,1.2917382717132568,0.0,10.0,0.9984467029571533,0.9984467029571533,0.9984467029571533,0.001553267240524292,0.0,nan,0.8832318782806396,240000.0,-0.0077435472048819065,0.001238932367414236,3.013610694324598e-08,0.021919172257184982,0.0010603833943605423,1.1362757682800293,1394.3026123046875,123.6548843383789,9.647109031677246,133.3020477294922,150.03521728515625,1.275871753692627,0.26844552159309387,0.11071304231882095,0.012286143377423286,0.21040166914463043
21.30010223388672,41.560001373291016,1000.0,12.0,1.2617533206939697,0.0,10.0,0.9995486736297607,0.9995486736297607,0.9995486736297607,0.0004513561725616455,0.0,nan,0.8582282066345215,260000.0,-0.008453228510916233,-0.0007096813060343266,-7.2479249269008506e-09,0.022852327674627304,0.0009331554174423218,1.2959558963775635,1534.1741943359375,129.3082275390625,10.510356903076172,139.81863403320312,143.04244995117188,1.147979736328125,0.2601822018623352,0.11068940907716751,0.015176137909293175,0.22664359211921692
21.7248592376709,41.939998626708984,1000.0,13.0,1.23031485080719,0.0,10.0,0.9995484352111816,0.9995484352111816,0.9995484352111816,0.0004515647888183594,0.0,nan,0.832585871219635,280000.0,-0.009495142847299576,-0.0010419143363833427,7.162093851320606e-08,0.01909290999174118,-0.0037594176828861237,1.3982590436935425,1672.681884765625,128.58694458007812,9.90098762512207,138.4879913330078,144.4168701171875,1.029325246810913,0.25755369663238525,0.1826477348804474,0.018876630812883377,0.2502160966396332
22.030553817749023,46.560001373291016,1000.0,14.0,1.2068796157836914,0.0,10.0,0.9993784427642822,0.9993784427642822,0.9993784427642822,0.0006215274333953857,0.0,nan,0.8138871788978577,300000.0,-0.00930832140147686,0.00018682144582271576,-5.0735472711949114e-08,0.02338395081460476,0.004291040822863579,1.545493721961975,1805.3900146484375,123.01484680175781,9.675586700439453,132.69049072265625,150.72671508789062,1.090760588645935,0.2644219994544983,0.14165236055850983,0.01681012287735939,0.24241980910301208
22.577165603637695,52.459999084472656,1000.0,15.0,1.1924986839294434,0.0,10.0,0.9997051954269409,0.9997051954269409,0.9997051954269409,0.00029477477073669434,0.0,nan,0.8025832176208496,320000.0,-0.008862433955073357,0.0004458874464035034,-2.4604798198879507e-08,0.021091574802994728,-0.002292376011610031,1.6716128587722778,1944.4901123046875,129.55746459960938,9.524325370788574,139.0818328857422,143.80023193359375,1.128004789352417,0.2787949740886688,0.12685152888298035,0.015718381851911545,0.24715755879878998
23.157875061035156,51.279998779296875,1000.0,16.0,1.1713485717773438,0.0,10.0,0.999139666557312,0.999139666557312,0.999139666557312,0.000860363245010376,0.0,nan,0.7866858839988708,340000.0,-0.009095847606658936,-0.00023341365158557892,-4.863739189175931e-09,0.021020391955971718,-7.118284702301025e-05,1.7312748432159424,2082.18896484375,127.59297943115234,10.08843994140625,137.6814727783203,145.26283264160156,1.054150938987732,0.2803846597671509,0.11231271177530289,0.017997995018959045,0.265981525182724
23.780149459838867,55.560001373291016,1000.0,17.0,1.1459605693817139,0.0,10.0,1.0003576278686523,1.0003576278686523,1.0003576278686523,0.00035756826400756836,0.0,nan,0.7686266899108887,360000.0,-0.00790275726467371,0.0011930903419852257,-5.893707211157562e-08,0.022907735779881477,0.0018873438239097595,1.858857274055481,2221.89306640625,130.0738525390625,9.611169815063477,139.68507385253906,143.17922973632812,1.2031294107437134,0.26499199867248535,0.16918843984603882,0.013816721737384796,0.22025227546691895
23.98843765258789,52.900001525878906,1000.0,18.0,1.1303550004959106,0.0,10.0,0.9990314245223999,0.9990314245223999,0.9990314245223999,0.00096854567527771,0.0,nan,0.758171558380127,380000.0,-0.00821335706859827,-0.00031059980392456055,8.678436635989328e-09,0.02379557676613331,0.0008878409862518311,1.9234988689422607,2361.184814453125,129.67767333984375,9.595552444458008,139.2732696533203,143.60256958007812,1.227831244468689,0.30060192942619324,0.11180226504802704,0.01326637715101242,0.24482344090938568
24.276254653930664,52.599998474121094,1000.0,19.0,1.1201210021972656,0.0,10.0,0.9996050596237183,0.9996050596237183,0.9996050596237183,0.00039491054485552013,0.0,nan,0.7514324188232422,400000.0,-0.008562027476727962,-0.0003486704081296921,1.6593933338526767e-08,0.019269229844212532,-0.004526346921920776,1.9986488819122314,2493.082763671875,122.08253479003906,9.796920776367188,131.8795166015625,151.65359497070312,1.0949795246124268,0.2867666482925415,0.10782604664564133,0.01668083295226097,0.2618921995162964
24.812824249267578,50.400001525878906,1000.0,20.0,1.1061675548553467,0.0,10.0,0.9994850158691406,0.9994850158691406,0.9994850158691406,0.0005149543285369873,0.0,nan,0.7415101528167725,420000.0,-0.009180386550724506,-0.0006183590739965439,-4.577636758540393e-08,0.018956609070301056,-0.00031262077391147614,2.0792417526245117,2625.60595703125,122.68028259277344,9.821211814880371,132.5015411376953,150.941650390625,1.1017844676971436,0.2837386727333069,0.14296354353427887,0.01647542044520378,0.2575264871120453
24.594982147216797,54.86000061035156,1000.0,21.0,1.0927526950836182,0.0,10.0,1.0001652240753174,1.0001652240753174,1.0001652240753174,0.00016528369451407343,0.0,nan,0.7320343255996704,440000.0,-0.008278404362499714,0.0009019821882247925,-1.4877318932349226e-08,0.01568444073200226,-0.0032721683382987976,2.14853835105896,2758.667236328125,123.12737274169922,9.877548217773438,133.00498962402344,150.3703155517578,1.1268846988677979,0.2783161699771881,0.1401749849319458,0.015749644488096237,0.24697843194007874
24.6595458984375,54.91999816894531,1000.0,22.0,1.0834009647369385,0.0,10.0,0.9999463558197021,0.9999463558197021,0.9999463558197021,5.367398989619687e-05,0.0,nan,0.7263329029083252,460000.0,-0.008702114224433899,-0.00042370986193418503,-3.204345588869728e-08,0.018893452361226082,0.0032090116292238235,2.2035679817199707,2891.71142578125,123.22089385986328,9.804635047912598,133.02557373046875,150.34703063964844,1.1594570875167847,0.2908901274204254,0.13002228736877441,0.014877169393002987,0.2508847415447235
25.178560256958008,54.81999969482422,1000.0,23.0,1.075061559677124,0.0,10.0,0.9999059438705444,0.9999059438705444,0.9999059438705444,9.40859317779541e-05,0.0,nan,0.7226330041885376,480000.0,-0.008280389942228794,0.00042172428220510483,7.629394893626795e-09,0.019835857674479485,0.0009424053132534027,2.2244112491607666,3030.7001953125,129.0384063720703,9.895881652832031,138.93443298339844,143.9528045654297,1.20240318775177,0.31118330359458923,0.09662951529026031,0.013833415694534779,0.258801132440567
25.070083618164062,58.540000915527344,1000.0,24.0,1.064023494720459,0.0,10.0,1.0001977682113647,1.0001977682113647,1.0001977682113647,0.0001977682113647461,0.0,nan,0.7168912291526794,500000.0,-0.008893783204257488,-0.0006133932620286942,-1.6403198799253005e-08,0.018026087433099747,-0.0018097702413797379,2.2853548526763916,3165.85986328125,125.06282806396484,10.077661514282227,135.1405487060547,147.99407958984375,1.1197452545166016,0.304966539144516,0.11410634219646454,0.01595112308859825,0.27235350012779236
25.210474014282227,61.15999984741211,1000.0,25.0,1.0557324886322021,0.0,10.0,0.9993014335632324,0.9993014335632324,0.9993014335632324,0.0006985961808823049,0.0,nan,0.712481677532196,520000.0,-0.009344151243567467,-0.0004503680393099785,-1.4209747156712638e-08,0.01801174506545067,-1.4342367649078369e-05,2.3118674755096436,3298.773193359375,123.17465209960938,9.718771934509277,132.89356994628906,150.49649047851562,1.086517572402954,0.30829545855522156,0.13316300511360168,0.016941670328378677,0.2837463915348053
25.61530303955078,62.279998779296875,1000.0,26.0,1.0497593879699707,0.0,10.0,0.9993643760681152,0.9993643760681152,0.9993643760681152,0.0006356537342071533,0.0,nan,0.7102876901626587,540000.0,-0.008194281719624996,0.0011498695239424706,4.243850604268573e-09,0.01864568516612053,0.0006339401006698608,2.3671135902404785,3431.700439453125,123.25695037841797,9.649690628051758,132.90670776367188,150.48150634765625,1.1851263046264648,0.2916611433029175,0.11183525621891022,0.014239683747291565,0.24610130488872528
26.059226989746094,57.7400016784668,1000.0,27.0,1.040483832359314,0.0,10.0,0.9989831447601318,0.9989831447601318,0.9989831447601318,0.0010168850421905518,0.0,nan,0.7049622535705566,560000.0,-0.008154128678143024,4.015304148197174e-05,-1.0108947456899386e-08,0.01937836967408657,0.0007326845079660416,2.395216941833496,3563.518310546875,122.23469543457031,9.565302848815918,131.800048828125,151.74502563476562,1.2192621231079102,0.311511754989624,0.09201331436634064,0.013453506864607334,0.25549209117889404
26.0963077545166,55.619998931884766,1000.0,28.0,1.0288171768188477,0.0,10.0,0.9992849826812744,0.9992849826812744,0.9992849826812744,0.0007149875746108592,0.0,nan,0.6967631578445435,580000.0,-0.008858390152454376,-0.0007042614743113518,-1.1825561863076928e-08,0.01846034824848175,-0.0009180214256048203,2.4346401691436768,3695.158203125,121.7146987915039,9.880040168762207,131.59478759765625,151.98170471191406,1.073218822479248,0.2984980344772339,0.13852538168430328,0.01736413687467575,0.27813345193862915
26.138437271118164,51.63999938964844,1000.0,29.0,1.0133042335510254,0.0,10.0,1.0006628036499023,1.0006628036499023,1.0006628036499023,0.0006628036499023438,0.0,nan,0.6861164569854736,600000.0,-0.009086881764233112,-0.00022849161177873611,-1.0299682884351569e-08,0.01926697976887226,0.0008066315203905106,2.4695944786071777,3826.978271484375,122.29057312011719,9.511683464050293,131.80230712890625,151.742431640625,1.1589152812957764,0.29924190044403076,0.1003507673740387,0.014891084283590317,0.258208692073822
26.14102554321289,63.58000183105469,1000.0,30.0,0.9992473721504211,0.0,10.0,0.9993236064910889,0.9993236064910889,0.9993236064910889,0.0006763637065887451,0.0,nan,0.6766226887702942,620000.0,-0.00926213338971138,-0.00017525162547826767,6.675719976811934e-10,0.019643496721982956,0.0003765169531106949,2.471766233444214,3967.27587890625,130.3948516845703,9.883508682250977,140.27841186523438,142.57362365722656,1.0542585849761963,0.29868432879447937,0.1456562727689743,0.017994321882724762,0.28331226110458374
26.366043090820312,67.16000366210938,1000.0,31.0,0.9885983467102051,0.0,10.0,1.000991702079773,1.000991702079773,1.000991702079773,0.0009917020797729492,0.0,nan,0.669845461845398,640000.0,-0.008556215092539787,0.0007059182971715927,2.326965287124949e-08,0.021140675991773605,0.0014971792697906494,2.5007338523864746,4101.775390625,124.78170776367188,9.698626518249512,134.4803924560547,148.7205810546875,1.162579894065857,0.30165162682533264,0.12274673581123352,0.014797354117035866,0.2594674527645111
26.366470336914062,61.779998779296875,1000.0,32.0,0.9704539775848389,0.0,10.0,0.9992414712905884,0.9992414712905884,0.9992414712905884,0.0007585585117340088,0.0,nan,0.6577423810958862,660000.0,-0.009423218667507172,-0.0008670035749673843,8.153915764808062e-09,0.01813422329723835,-0.0030064526945352554,2.5230820178985596,4233.3671875,121.96985626220703,9.603599548339844,131.57350158691406,152.00628662109375,1.0362616777420044,0.2885321080684662,0.1439618617296219,0.018624769523739815,0.27843552827835083
26.205488204956055,57.900001525878906,1000.0,33.0,0.9511388540267944,0.0,10.0,0.9998966455459595,0.9998966455459595,0.9998966455459595,0.00010335445404052734,0.0,nan,0.6445301175117493,680000.0,-0.007784579880535603,0.001638638786971569,-1.907348723406699e-09,0.018506642431020737,0.0003724191337823868,2.543444871902466,4365.77294921875,122.698974609375,9.682707786560059,132.38174438476562,151.0782470703125,1.2278070449829102,0.30365267395973206,0.11649683862924576,0.013266896829009056,0.24731309711933136
26.259254455566406,56.65999984741211,1000.0,34.0,0.942476749420166,0.0,10.0,1.000694751739502,1.000694751739502,1.000694751739502,0.0006948113441467285,0.0,nan,0.6385977268218994,700000.0,-0.00877902377396822,-0.0009944438934326172,-1.125335735707722e-08,0.018794652074575424,0.0002880096435546875,2.5375542640686035,4498.607421875,123.36267852783203,9.452681541442871,132.81541442871094,150.58494567871094,1.1396942138671875,0.3197075426578522,0.1198805645108223,0.015397598035633564,0.280520498752594
26.416053771972656,60.400001525878906,1000.0,35.0,0.9415792226791382,0.0,10.0,1.0006557703018188,1.0006557703018188,1.0006557703018188,0.0006557703018188477,0.0,nan,0.6387109160423279,720000.0,-0.009706100448966026,-0.0009270766749978065,-1.125335735707722e-08,0.01940721832215786,0.0006125662475824356,2.550802707672119,4630.79736328125,122.40254211425781,9.73161792755127,132.13421630859375,151.36126708984375,1.0452160835266113,0.3108171224594116,0.13111324608325958,0.018307015299797058,0.2973710596561432
26.400978088378906,59.099998474121094,1000.0,36.0,0.936650276184082,0.0,10.0,0.9984516501426697,0.9984516501426697,0.9984516501426697,0.0015483498573303223,0.0,nan,0.6368649005889893,740000.0,-0.00871459860354662,0.0009915018454194069,2.479553229406406e-09,0.018861394375562668,-0.000545823946595192,2.553335428237915,4768.8603515625,128.66343688964844,9.380965232849121,138.04444885253906,144.88088989257812,1.1349892616271973,0.2957570254802704,0.1529007852077484,0.015525523573160172,0.26058128476142883
26.307361602783203,60.86000061035156,1000.0,37.0,0.92078697681427,0.0,10.0,0.9999415874481201,0.9999415874481201,0.9999415874481201,5.841255187988281e-05,0.0,nan,0.6282010078430176,760000.0,-0.008520825766026974,0.0001937728375196457,4.291534239087014e-09,0.020094718784093857,0.001233324408531189,2.553891181945801,4908.5771484375,129.8288116455078,9.868776321411133,139.69764709472656,143.16635131835938,1.1166998147964478,0.29602697491645813,0.14875353872776031,0.01603824645280838,0.2650909721851349
26.347145080566406,57.459999084472656,1000.0,38.0,0.9115568399429321,0.0,10.0,1.0003831386566162,1.0003831386566162,1.0003831386566162,0.00038319826126098633,0.0,nan,0.6226968765258789,780000.0,-0.009661314077675343,-0.0011404883116483688,-1.0681151962899094e-08,0.0171805489808321,-0.002914169803261757,2.5711755752563477,5048.09765625,129.76666259765625,9.735725402832031,139.50244140625,143.36668395996094,1.0684114694595337,0.3102574348449707,0.13351938128471375,0.01752074994146824,0.29039138555526733
26.072948455810547,54.68000030517578,1000.0,39.0,0.908861517906189,0.0,10.0,1.0004172325134277,1.0004172325134277,1.0004172325134277,0.00041729211807250977,0.0,nan,0.6201152205467224,800000.0,-0.009603742510080338,5.7571567595005035e-05,-8.392333938900265e-09,0.01778639480471611,0.0006058458238840103,2.5780506134033203,5188.69921875,130.75827026367188,9.824956893920898,140.58326721191406,142.2644500732422,1.0284175872802734,0.3105583190917969,0.14385810494422913,0.018909968435764313,0.3019768297672272
26.103717803955078,50.58000183105469,1000.0,40.0,0.9124372005462646,0.0,10.0,1.0002198219299316,1.0002198219299316,1.0002198219299316,0.00021988154912833124,0.0,nan,0.6209936141967773,820000.0,-0.008957975544035435,0.0006457669660449028,-7.629394338515283e-10,0.0188384260982275,0.0010520312935113907,2.600112199783325,5327.4130859375,128.87474060058594,9.820049285888672,138.69483947753906,144.20147705078125,1.1364498138427734,0.3177747428417206,0.12365463376045227,0.015485641546547413,0.27962061762809753
26.386171340942383,52.68000030517578,1000.0,41.0,0.9193754196166992,0.0,10.0,0.9993763566017151,0.9993763566017151,0.9993763566017151,0.0006236433982849121,0.0,nan,0.6247539520263672,840000.0,-0.008809191174805164,0.00014878436923027039,4.768371808516747e-10,0.019269954413175583,0.00043152831494808197,2.591766357421875,5466.09423828125,129.02987670898438,9.600353240966797,138.63034057617188,144.26856994628906,1.104831576347351,0.3046417832374573,0.13692528009414673,0.0163846667855978,0.2757360339164734
26.549692153930664,58.279998779296875,1000.0,42.0,0.9128787517547607,0.0,10.0,1.0000019073486328,1.0000019073486328,1.0000019073486328,1.9678561784530757e-06,0.0,nan,0.6211366057395935,860000.0,-0.008943536318838596,-0.000134345144033432,-1.0490417423625331e-09,0.018787115812301636,-0.00048283860087394714,2.6244771480560303,5604.70068359375,128.70631408691406,9.881536483764648,138.58790588378906,144.312744140625,1.110105037689209,0.3135271370410919,0.12220802903175354,0.01622936874628067,0.28243017196655273
26.60057830810547,60.2400016784668,1000.0,43.0,0.9066234230995178,0.0,10.0,1.00029718875885,1.00029718875885,1.00029718875885,0.00029718875885009766,0.0,nan,0.6162100434303284,880000.0,-0.008767999708652496,0.0001755366101861,6.294250454175199e-09,0.016088047996163368,-0.0026990678161382675,2.625629186630249,5744.490234375,129.47665405273438,10.295701026916504,139.77239990234375,143.0897674560547,1.1708449125289917,0.33406081795692444,0.09843424707651138,0.01458918210119009,0.28531599044799805
26.520246505737305,51.70000076293945,1000.0,44.0,0.9027736783027649,0.0,10.0,0.9997954964637756,0.9997954964637756,0.9997954964637756,0.00020450353622436523,0.0,nan,0.6124340295791626,900000.0,-0.009011510759592056,-0.00024351105093955994,7.915496702537439e-09,0.019665297120809555,0.003577249124646187,2.619777202606201,5884.99755859375,130.58392333984375,9.905516624450684,140.48948669433594,142.35940551757812,1.1131651401519775,0.32095593214035034,0.11672071367502213,0.01614025980234146,0.28832730650901794
26.520971298217773,54.119998931884766,1000.0,45.0,0.9004562497138977,0.0,10.0,1.0008282661437988,1.0008282661437988,1.0008282661437988,0.0008282065391540527,0.0,nan,0.6100538969039917,920000.0,-0.009179353713989258,-0.00016784295439720154,-5.722046170220096e-10,0.01852661930024624,-0.0011386778205633163,2.623213291168213,6022.6826171875,127.74684143066406,9.88302993774414,137.6299285888672,145.31724548339844,1.0951292514801025,0.3201330006122589,0.1249341070652008,0.016676271334290504,0.2923244535923004
26.452211380004883,52.040000915527344,1000.0,46.0,0.9037526845932007,0.0,10.0,0.999649703502655,0.999649703502655,0.999649703502655,0.0003502964973449707,0.0,nan,0.6114662885665894,940000.0,-0.009231260977685452,-5.1907263696193695e-05,-1.0681151962899094e-08,0.018417198210954666,-0.00010942108929157257,2.624335289001465,6155.3525390625,122.99453735351562,9.655731201171875,132.65032958984375,150.77235412597656,1.0636669397354126,0.31179875135421753,0.11650833487510681,0.01767740026116371,0.29313573241233826
26.30768394470215,49.29999923706055,1000.0,47.0,0.8995140790939331,0.0,10.0,0.9995613694190979,0.9995613694190979,0.9995613694190979,0.0004386305809020996,0.0,nan,0.6093204021453857,960000.0,-0.009957249276340008,-0.0007259882986545563,-2.2888184680880386e-09,0.021271243691444397,0.002854045480489731,2.623671054840088,6288.18603515625,122.28019714355469,10.534185409545898,132.81443786621094,150.58604431152344,1.025768518447876,0.324999064207077,0.11968443542718887,0.019007764756679535,0.3168347179889679
26.524856567382812,56.2400016784668,1000.0,48.0,0.8940932750701904,0.0,10.0,1.0000157356262207,1.0000157356262207,1.0000157356262207,1.5795343642821535e-05,0.0,nan,0.6072072982788086,980000.0,-0.009113296866416931,0.0008439524099230766,-1.5258788677030566e-09,0.018538236618041992,-0.002733007073402405,2.6211588382720947,6421.466796875,123.5703353881836,9.691275596618652,133.2616729736328,150.08067321777344,1.0956870317459106,0.3137246072292328,0.12672880291938782,0.016659298911690712,0.2863268256187439
26.41234588623047,54.880001068115234,1000.0,49.0,0.892997145652771,0.0,10.0,0.9993500709533691,0.9993500709533691,0.9993500709533691,0.0006499588489532471,0.0,nan,0.6070948839187622,1000000.0,-0.010182186961174011,-0.00106889009475708,4.1961669694501325e-09,0.018088161945343018,-0.0004500746726989746,2.6112096309661865,6553.814453125,122.78717803955078,9.541105270385742,132.32833862304688,151.13922119140625,1.0271703004837036,0.30820587277412415,0.12593995034694672,0.01895591989159584,0.30005332827568054
26.330801010131836,55.439998626708984,1000.0,50.0,0.882703423500061,0.0,10.0,1.0002338886260986,1.0002338886260986,1.0002338886260986,0.0002338886260986328,0.0,nan,0.6013009548187256,1020000.0,-0.00954221561551094,0.0006399713456630707,9.918212917625624e-09,0.017592713236808777,-0.0004954487085342407,2.624246835708618,6692.89453125,129.1377410888672,9.892107009887695,139.02989196777344,143.8539581298828,1.0343825817108154,0.32014504075050354,0.12952573597431183,0.01869249902665615,0.3095034956932068
26.400217056274414,60.720001220703125,1000.0,51.0,0.8673015832901001,0.0,10.0,0.9994542598724365,0.9994542598724365,0.9994542598724365,0.0005457103252410889,0.0,nan,0.5919244289398193,1040000.0,-0.009824366308748722,-0.0002821506932377815,-4.76837147544984e-09,0.019133800640702248,0.0015410874038934708,2.6228768825531006,6831.9853515625,129.24061584472656,9.831628799438477,139.07229614257812,143.8101043701172,1.0223701000213623,0.3040023446083069,0.16015437245368958,0.019134338945150375,0.29735052585601807
26.617015838623047,62.47999954223633,1000.0,52.0,0.8526172637939453,0.0,10.0,1.0012644529342651,1.0012644529342651,1.0012644529342651,0.0012644529342651367,0.0,nan,0.5831316709518433,1060000.0,-0.009732815437018871,9.155087172985077e-05,-1.8119812317252126e-09,0.019696034491062164,0.0005622338503599167,2.627703905105591,6964.89697265625,123.0885238647461,9.803829193115234,132.89239501953125,150.49771118164062,1.017008900642395,0.31226813793182373,0.1242559477686882,0.019336607307195663,0.3070456087589264
26.874570846557617,58.279998779296875,1000.0,53.0,0.8446779251098633,0.0,10.0,0.9998936653137207,0.9998936653137207,0.9998936653137207,0.0001063048912328668,0.0,nan,0.5790998935699463,1080000.0,-0.009623275138437748,0.00010954029858112335,3.5762786065873797e-09,0.02017737179994583,0.000481337308883667,2.6389451026916504,7103.05078125,128.7250213623047,9.366052627563477,138.09115600585938,144.8319091796875,1.0185835361480713,0.32702136039733887,0.12815198302268982,0.019276868551969528,0.32105499505996704
26.699913024902344,55.220001220703125,1000.0,54.0,0.8346190452575684,0.0,10.0,0.9991453886032104,0.9991453886032104,0.9991453886032104,0.0008545815944671631,0.0,nan,0.5730698108673096,1100000.0,-0.0085009029135108,0.0011223722249269485,5.531310964812519e-09,0.01917065866291523,-0.0010067131370306015,2.6604628562927246,7241.30712890625,128.44232177734375,9.795051574707031,138.2374267578125,144.67861938476562,1.1220412254333496,0.3298834264278412,0.11294952034950256,0.015885910019278526,0.2940029799938202
26.463733673095703,47.279998779296875,1000.0,55.0,0.8175563812255859,0.0,10.0,1.0000813007354736,1.0000813007354736,1.0000813007354736,8.130073547363281e-05,0.0,nan,0.5630087852478027,1120000.0,-0.009693245403468609,-0.0011923424899578094,-1.907348723406699e-09,0.018332844600081444,-0.000837814062833786,2.657477617263794,7374.154296875,123.03533935546875,9.758050918579102,132.79344177246094,150.60986328125,1.059093952178955,0.3110482096672058,0.1288524717092514,0.017830386757850647,0.2936927378177643
26.49087142944336,52.65999984741211,1000.0,56.0,0.8051159381866455,0.0,10.0,1.0006752014160156,1.0006752014160156,1.0006752014160156,0.0006751418113708496,0.0,nan,0.5561807155609131,1140000.0,-0.00972778256982565,-3.4537166357040405e-05,2.0980834847250662e-09,0.019602255895733833,0.0012694112956523895,2.6318180561065674,7511.595703125,126.49502563476562,10.927568435668945,137.4226531982422,145.5364227294922,1.0077295303344727,0.3145701289176941,0.13447587192058563,0.019694358110427856,0.3121572732925415
26.517345428466797,53.279998779296875,1000.0,57.0,0.7978963851928711,0.0,10.0,1.0005335807800293,1.0005335807800293,1.0005335807800293,0.0005335211753845215,0.0,nan,0.5522182583808899,1160000.0,-0.010721051134169102,-0.0009932685643434525,2.6702879907247734e-09,0.0185102466493845,-0.0010920092463493347,2.622183322906494,7659.576171875,137.3803253173828,10.579888343811035,147.9602813720703,135.1714324951172,0.9878714680671692,0.30931371450424194,0.1333383023738861,0.02049410343170166,0.3131113350391388
26.677824020385742,59.779998779296875,1000.0,58.0,0.7918553352355957,0.0,10.0,0.9996727705001831,0.9996727705001831,0.9996727705001831,0.0003272593021392822,0.0,nan,0.5490773916244507,1180000.0,-0.009670856408774853,0.001050194725394249,-7.343292196537732e-09,0.0192632544785738,0.0007530078291893005,2.6604862213134766,7803.57666015625,134.10427856445312,9.864953994750977,143.96929931640625,138.91851806640625,1.0560619831085205,0.31036415696144104,0.14455027878284454,0.017932914197444916,0.29388827085494995
26.864587783813477,58.619998931884766,1000.0,59.0,0.7891753315925598,0.0,10.0,1.000417947769165,1.000417947769165,1.000417947769165,0.00041794776916503906,0.0,nan,0.5475406646728516,1200000.0,-0.00932841282337904,0.000342443585395813,-2.8610229740877458e-09,0.019755937159061432,0.0004926826804876328,2.6556077003479004,7942.6796875,129.17295837402344,9.91138744354248,139.0843963623047,143.79759216308594,1.0615125894546509,0.3103245794773102,0.1662217080593109,0.017749229446053505,0.29234179854393005
26.996606826782227,57.84000015258789,1000.0,60.0,0.7866547107696533,0.0,10.0,0.999498724937439,0.999498724937439,0.999498724937439,0.0005013048648834229,0.0,nan,0.5459778904914856,1220000.0,-0.009309768676757812,1.8644146621227264e-05,-5.531310964812519e-09,0.020840981975197792,0.0010850448161363602,2.657413959503174,8076.4716796875,124.07794952392578,9.695939064025879,133.77395629882812,149.50595092773438,1.068676471710205,0.31583067774772644,0.12043356150388718,0.017512060701847076,0.2955344319343567
27.109365463256836,56.939998626708984,1000.0,61.0,0.7806990146636963,0.0,10.0,0.9997873902320862,0.9997873902320862,0.9997873902320862,0.00021260976791381836,0.0,nan,0.5431008338928223,1240000.0,-0.00964413397014141,-0.00033436529338359833,-7.96318033735588e-09,0.02011244185268879,-0.0007285401225090027,2.678631067276001,8210.486328125,124.2702865600586,9.725749969482422,133.99609375,149.2581024169922,1.042266607284546,0.3192366361618042,0.15044279396533966,0.018410777673125267,0.30629071593284607
26.861867904663086,58.29999923706055,1000.0,62.0,0.7726536989212036,0.0,10.0,0.999740481376648,0.999740481376648,0.999740481376648,0.0002595186233520508,0.0,nan,0.5395101308822632,1260000.0,-0.009168489836156368,0.00047564413398504257,3.814697446813398e-09,0.01993410475552082,-0.00017833709716796875,2.6715281009674072,8343.69140625,123.302978515625,9.885525703430176,133.1885528564453,150.16307067871094,1.0751265287399292,0.3140178322792053,0.12805162370204926,0.01730257086455822,0.2920752167701721
26.645957946777344,55.97999954223633,1000.0,63.0,0.7692419290542603,0.0,10.0,0.9997080564498901,0.9997080564498901,0.9997080564498901,0.0002919435501098633,0.0,nan,0.5376484990119934,1280000.0,-0.00977019127458334,-0.0006017014384269714,1.4305114870438729e-09,0.019288398325443268,-0.0006457064300775528,2.677321195602417,8482.6875,128.97262573242188,10.005993843078613,138.97866821289062,143.906982421875,1.0154975652694702,0.32151925563812256,0.12426553666591644,0.019394204020500183,0.31661251187324524
26.839120864868164,59.220001220703125,1000.0,64.0,0.7660624980926514,0.0,10.0,1.0000882148742676,1.0000882148742676,1.0000882148742676,8.815529145067558e-05,0.0,nan,0.5349746942520142,1300000.0,-0.00987714622169733,-0.00010695494711399078,2.145767119543507e-09,0.018409982323646545,-0.0008784160017967224,2.679708242416382,8622.8115234375,130.3758087158203,9.726743698120117,140.10260009765625,142.75253295898438,1.026716709136963,0.31578540802001953,0.11714612692594528,0.018972672522068024,0.30756810307502747
26.817293167114258,64.0999984741211,1000.0,65.0,0.7540957927703857,0.0,10.0,1.0003721714019775,1.0003721714019775,1.0003721714019775,0.00037211179733276367,0.0,nan,0.5284180641174316,1320000.0,-0.009801328182220459,7.581803947687149e-05,-1.1444092340440193e-09,0.017626868560910225,-0.0007831137627363205,2.6703789234161377,8764.39453125,131.34930419921875,10.179190635681152,141.52854919433594,141.3142547607422,1.038119912147522,0.31577521562576294,0.16327089071273804,0.01855815201997757,0.3041798770427704
26.627302169799805,62.7599983215332,1000.0,66.0,0.7503864765167236,0.0,10.0,1.0002388954162598,1.0002388954162598,1.0002388954162598,0.00023883582616690546,0.0,nan,0.5272292494773865,1340000.0,-0.011604193598031998,-0.0018028654158115387,-1.3351439953623867e-09,0.018464986234903336,0.0008381176739931107,2.668071985244751,8898.109375,123.49418640136719,10.201889038085938,133.69613647460938,149.5929718017578,0.9211304783821106,0.31204110383987427,0.13516069948673248,0.023571517318487167,0.33875882625579834
26.66820526123047,56.47999954223633,1000.0,67.0,0.7533738613128662,0.0,10.0,1.0001800060272217,1.0001800060272217,1.0001800060272217,0.00017994643712881953,0.0,nan,0.5291740894317627,1360000.0,-0.010063265450298786,0.0015409281477332115,-2.0980834847250662e-09,0.021092234179377556,0.0026272479444742203,2.6733763217926025,9032.498046875,124.58921813964844,9.746264457702637,134.3355712890625,148.8809051513672,1.0002800226211548,0.3191341161727905,0.13797855377197266,0.01998879387974739,0.31904470920562744
26.783370971679688,57.65999984741211,1000.0,68.0,0.7527397274971008,0.0,10.0,1.0001813173294067,1.0001813173294067,1.0001813173294067,0.00018131732940673828,0.0,nan,0.5293734669685364,1380000.0,-0.011085019446909428,-0.0010217539966106415,4.339218317994664e-09,0.018229855224490166,-0.00286237895488739,2.676896095275879,9165.36328125,122.9807357788086,9.866467475891113,132.84727478027344,150.548828125,0.9152733683586121,0.3127909302711487,0.1437154859304428,0.023874159902334213,0.34174594283103943
26.79761505126953,65.86000061035156,1000.0,69.0,0.7521433234214783,0.0,10.0,0.9999148845672607,0.9999148845672607,0.9999148845672607,8.514524233760312e-05,0.0,nan,0.5302064418792725,1400000.0,-0.010290483944118023,0.0007945355027914047,7.629394338515283e-10,0.02003948576748371,0.0018096305429935455,2.67075514793396,9299.0556640625,123.46857452392578,10.204058647155762,133.67269897460938,149.61920166015625,0.9969325065612793,0.31576892733573914,0.13191798329353333,0.020123256370425224,0.31674060225486755
26.561269760131836,58.70000076293945,1000.0,70.0,0.7513694763183594,0.0,10.0,1.0007779598236084,1.0007779598236084,1.0007779598236084,0.000777900218963623,0.0,nan,0.5307089686393738,1420000.0,-0.010057385079562664,0.0002330988645553589,5.722046170220096e-10,0.01853194087743759,-0.0015075448900461197,2.667362689971924,9436.18359375,126.11082458496094,10.997876167297363,137.10874938964844,145.86961364746094,0.9513503313064575,0.3003675639629364,0.15611881017684937,0.022097790613770485,0.3157276511192322
26.470436096191406,55.31999969482422,1000.0,71.0,0.7508920431137085,0.0,10.0,0.9999256730079651,0.9999256730079651,0.9999256730079651,7.432699203491211e-05,0.0,nan,0.5310263633728027,1440000.0,-0.009527347050607204,0.0005300380289554596,7.629394893626795e-09,0.020262110978364944,0.001730170100927353,2.6597392559051514,9575.2802734375,128.17941284179688,10.898271560668945,139.07774353027344,143.80445861816406,1.042601227760315,0.3239104449748993,0.14615508913993835,0.018398959189653397,0.3106752932071686
26.780536651611328,64.76000213623047,1000.0,72.0,0.749934196472168,0.0,10.0,0.9999076724052429,0.9999076724052429,0.9999076724052429,9.232759475708008e-05,0.0,nan,0.5301307439804077,1460000.0,-0.010756010189652443,-0.0012286631390452385,4.76837147544984e-09,0.021698569878935814,0.0014364589005708694,2.6714348793029785,9713.5634765625,127.20294952392578,11.061040878295898,138.26406860351562,144.6507568359375,0.932300865650177,0.31822654604911804,0.1465510129928589,0.023010052740573883,0.34133461117744446
26.752178192138672,61.5,1000.0,73.0,0.7503748536109924,0.0,10.0,1.0008373260498047,1.0008373260498047,1.0008373260498047,0.0008373856544494629,0.0,nan,0.5300980806350708,1480000.0,-0.011076241731643677,-0.0003202315419912338,3.2424927187690855e-09,0.019136061891913414,-0.0025625079870224,2.674083709716797,9849.8759765625,126.51434326171875,9.776281356811523,136.29067993164062,146.7451934814453,0.9448617100715637,0.3227793276309967,0.14908230304718018,0.022402333095669746,0.3416154086589813
26.472436904907227,67.18000030517578,1000.0,74.0,0.7471644878387451,0.0,10.0,0.9998558759689331,0.9998558759689331,0.9998558759689331,0.00014415383338928223,0.0,nan,0.5290703773498535,1500000.0,-0.010065745562314987,0.0010104961693286896,-2.0503998499066256e-09,0.017844077199697495,-0.0012919846922159195,2.6557013988494873,9986.48046875,125.11502075195312,11.470269203186035,136.58534240722656,146.42860412597656,0.9777603149414062,0.3141757547855377,0.18558184802532196,0.0209201592952013,0.32132187485694885
26.600324630737305,69.23999786376953,1000.0,75.0,0.7451446056365967,0.0,10.0,1.0004525184631348,1.0004525184631348,1.0004525184631348,0.000452578067779541,0.0,nan,0.5287354588508606,1520000.0,-0.010499854572117329,-0.00043410900980234146,1.907348723406699e-09,0.019255390390753746,0.0014113131910562515,2.6655030250549316,10123.0673828125,126.50482940673828,10.059918403625488,136.56480407714844,146.45062255859375,0.9813603758811951,0.32545679807662964,0.13827769458293915,0.020766953006386757,0.3316383361816406
26.750381469726562,69.86000061035156,1000.0,76.0,0.7476179599761963,0.0,10.0,0.999472975730896,0.999472975730896,0.999472975730896,0.0005270540714263916,0.0,nan,0.5306596159934998,1540000.0,-0.009892209433019161,0.0006076451390981674,7.1525572131747595e-09,0.02017100155353546,0.0009156111627817154,2.6717307567596436,10256.7724609375,124.01948547363281,9.661907196044922,133.6814422607422,149.60940551757812,0.9835412502288818,0.3137394189834595,0.13018883764743805,0.02067495882511139,0.318989634513855
26.817459106445312,65.54000091552734,1000.0,77.0,0.7476985454559326,0.0,10.0,1.0000044107437134,1.0000044107437134,1.0000044107437134,4.410743713378906e-06,0.0,nan,0.5313327312469482,1560000.0,-0.01065246481448412,-0.0007602553814649582,4.291534239087014e-09,0.019755292683839798,-0.00041570886969566345,2.674699544906616,10391.896484375,125.22090148925781,9.884872436523438,135.10581970214844,148.03211975097656,0.9663677215576172,0.32160326838493347,0.15493562817573547,0.021416328847408295,0.3327959477901459
27.00957679748535,63.91999816894531,1000.0,78.0,0.7458099126815796,0.0,10.0,0.9999265670776367,0.9999265670776367,0.9999265670776367,7.340312731685117e-05,0.0,nan,0.5308507680892944,1580000.0,-0.010609528049826622,4.2936764657497406e-05,-4.1961669694501325e-09,0.018285490572452545,-0.0014698021113872528,2.6746504306793213,10527.0966796875,125.0425033569336,10.139906883239746,135.18246459960938,147.9481964111328,0.9218336939811707,0.31338977813720703,0.14616823196411133,0.02353556826710701,0.33996349573135376
26.83448028564453,64.86000061035156,1000.0,79.0,0.7471991181373596,0.0,10.0,1.0002210140228271,1.0002210140228271,1.0002210140228271,0.00022095443273428828,0.0,nan,0.5318976640701294,1600000.0,-0.011234129779040813,-0.0006246017292141914,-7.629394338515283e-10,0.018113596364855766,-0.00017189420759677887,2.6545121669769287,10667.48828125,130.37271118164062,10.000337600708008,140.3730926513672,142.47744750976562,0.9251448512077332,0.32267722487449646,0.1699412763118744,0.023367395624518394,0.3487856984138489
26.611135482788086,64.54000091552734,1000.0,80.0,0.7450101375579834,0.0,10.0,0.9996716380119324,0.9996716380119324,0.9996716380119324,0.00032836198806762695,0.0,nan,0.5308728218078613,1620000.0,-0.010385878384113312,0.0008482513949275017,3.433227480087453e-09,0.017523640766739845,-0.000589955598115921,2.6660494804382324,10801.9013671875,124.57476806640625,9.819868087768555,134.39471435546875,148.81541442871094,0.94666987657547,0.30769452452659607,0.1617320030927658,0.022316839545965195,0.32502830028533936
26.548616409301758,58.5,1000.0,81.0,0.7392184734344482,0.0,10.0,0.9991483688354492,0.9991483688354492,0.9991483688354492,0.0008516013622283936,0.0,nan,0.527788519859314,1640000.0,-0.00936166476458311,0.001024213619530201,3.2424927187690855e-09,0.019254393875598907,0.0017307531088590622,2.6470067501068115,10935.7138671875,123.85405731201172,9.904491424560547,133.75860595703125,149.52310180664062,1.0626542568206787,0.314346581697464,0.15991109609603882,0.017711110413074493,0.2958126962184906
26.6613712310791,57.58000183105469,1000.0,82.0,0.7412632703781128,0.0,10.0,1.0003674030303955,1.0003674030303955,1.0003674030303955,0.0003674030303955078,0.0,nan,0.528937816619873,1660000.0,-0.01192978210747242,-0.002568117342889309,-9.536743617033494e-10,0.02026716060936451,0.0010127667337656021,2.654906988143921,11069.35546875,123.64108276367188,9.945914268493652,133.58705139160156,149.71511840820312,0.9141994118690491,0.31380635499954224,0.1590830385684967,0.02393028885126114,0.3432580530643463
26.576744079589844,61.2599983215332,1000.0,83.0,0.7451291084289551,0.0,10.0,0.9994684457778931,0.9994684457778931,0.9994684457778931,0.0005315840244293213,0.0,nan,0.5307262539863586,1680000.0,-0.010462156496942043,0.0014676256105303764,2.6702879907247734e-09,0.017688246443867683,-0.002578914165496826,2.662975788116455,11204.015625,124.7083511352539,9.931390762329102,134.63980102539062,148.54449462890625,0.9898092150688171,0.3290875256061554,0.13482190668582916,0.020413938909769058,0.3324756622314453
26.37435531616211,60.34000015258789,1000.0,84.0,0.7424017786979675,0.0,10.0,0.9993447065353394,0.9993447065353394,0.9993447065353394,0.0006552636623382568,0.0,nan,0.5294184684753418,1700000.0,-0.009759468957781792,0.0007026875391602516,1.0108947456899386e-08,0.018099850043654442,0.0004116035997867584,2.638050079345703,11337.6005859375,123.99315643310547,9.535921096801758,133.5291290283203,149.78005981445312,1.0169986486434937,0.3253770172595978,0.16512762010097504,0.019336998462677002,0.3199385106563568
26.516281127929688,57.58000183105469,1000.0,85.0,0.7355779409408569,0.0,10.0,1.000121831893921,1.000121831893921,1.000121831893921,0.00012177230382803828,0.0,nan,0.5261275768280029,1720000.0,-0.010454460978507996,-0.0006949920207262039,-2.6702879907247734e-09,0.019979994744062424,0.0018801447004079819,2.640280246734619,11472.015625,123.89472961425781,10.501224517822266,134.39599609375,148.81396484375,0.9872108101844788,0.3339567482471466,0.11951145529747009,0.020521540194749832,0.33828312158584595
26.3677978515625,54.540000915527344,1000.0,86.0,0.7313498258590698,0.0,10.0,1.0002539157867432,1.0002539157867432,1.0002539157867432,0.00025397539138793945,0.0,nan,0.5236598253250122,1740000.0,-0.010563571937382221,-0.00010911095887422562,-5.722046170220096e-10,0.018313812091946602,-0.0016661826521158218,2.632801055908203,11610.6845703125,128.60507202148438,10.009676933288574,138.6148223876953,144.2847137451172,0.9389442801475525,0.3089843988418579,0.14040155708789825,0.022685592994093895,0.3290763795375824
26.35565948486328,52.65999984741211,1000.0,87.0,0.7282570600509644,0.0,10.0,1.0005030632019043,1.0005030632019043,1.0005030632019043,0.0005031228065490723,0.0,nan,0.5215965509414673,1760000.0,-0.01068966556340456,-0.00012609362602233887,5.912780931538464e-09,0.01940235123038292,0.0010885391384363174,2.6398160457611084,11749.3134765625,128.07012939453125,10.538578033447266,138.60874938964844,144.29104614257812,0.9389969706535339,0.3153783977031708,0.16756892204284668,0.022683050483465195,0.33586734533309937
26.452001571655273,54.959999084472656,1000.0,88.0,0.7278648614883423,0.0,10.0,0.999584972858429,0.999584972858429,0.999584972858429,0.0004150271415710449,0.0,nan,0.5214271545410156,1780000.0,-0.010579821653664112,0.000109843909740448,-7.629394338515283e-10,0.019403187558054924,8.363276720046997e-07,2.631301164627075,11888.06640625,128.3827667236328,10.30965518951416,138.69248962402344,144.2039337158203,0.9815369844436646,0.32896333932876587,0.1285855919122696,0.020759480074048042,0.3351512551307678
26.685508728027344,55.52000045776367,1000.0,89.0,0.7272552251815796,0.0,10.0,1.0008784532546997,1.0008784532546997,1.0008784532546997,0.000878453254699707,0.0,nan,0.5219674110412598,1800000.0,-0.010649340227246284,-6.95185735821724e-05,-4.100799699813251e-09,0.019116414710879326,-0.00028677284717559814,2.6457996368408203,12032.3681640625,134.40383911132812,9.877739906311035,144.2816925048828,138.61773681640625,0.9572424292564392,0.31095564365386963,0.14005355536937714,0.021826591342687607,0.32484519481658936
26.647022247314453,58.63999938964844,1000.0,90.0,0.7221089601516724,0.0,10.0,0.9995318651199341,0.9995318651199341,0.9995318651199341,0.0004681646532844752,0.0,nan,0.5197756886482239,1820000.0,-0.010462428443133831,0.00018691178411245346,6.675719976811934e-10,0.016343938186764717,-0.0027724765241146088,2.6572506427764893,12173.7548828125,131.303466796875,10.063833236694336,141.3673553466797,141.4753875732422,0.9349797368049622,0.32270607352256775,0.15174263715744019,0.022878386080265045,0.34514760971069336
26.74266815185547,55.939998626708984,1000.0,91.0,0.7181181907653809,0.0,10.0,0.9994479417800903,0.9994479417800903,0.9994479417800903,0.000552058219909668,0.0,nan,0.5174673795700073,1840000.0,-0.01155957393348217,-0.001097145490348339,-1.8119812317252126e-09,0.018737178295850754,0.0023932401090860367,2.6666762828826904,12315.6640625,131.28810119628906,10.603029251098633,141.8911895751953,140.95309448242188,0.893600344657898,0.31702256202697754,0.1720913201570511,0.025046275928616524,0.3547699451446533
26.873823165893555,53.060001373291016,1000.0,92.0,0.7142093777656555,0.0,10.0,1.0003151893615723,1.0003151893615723,1.0003151893615723,0.00031512975692749023,0.0,nan,0.5152027606964111,1860000.0,-0.010200430639088154,0.0013591432943940163,4.1961669694501325e-09,0.0212948527187109,0.0025576744228601456,2.6753711700439453,12451.2802734375,125.77017211914062,9.824251174926758,135.594482421875,147.49862670898438,1.0017485618591309,0.32391831278800964,0.12189656496047974,0.01993023231625557,0.3233529329299927
26.81285858154297,51.5,1000.0,93.0,0.7087011933326721,0.0,10.0,1.0002278089523315,1.0002278089523315,1.0002278089523315,0.00022780895233154297,0.0,nan,0.5110054016113281,1880000.0,-0.011360318399965763,-0.0011598877608776093,-1.3351439953623867e-09,0.019649123772978783,-0.0016457289457321167,2.661973714828491,12586.4140625,125.169921875,9.944259643554688,135.1142578125,148.0228729248047,0.8906118869781494,0.31320157647132874,0.18826241791248322,0.025214646011590958,0.3516700565814972
26.723552703857422,52.7400016784668,1000.0,94.0,0.7064985036849976,0.0,10.0,0.9999043941497803,0.9999043941497803,0.9999043941497803,9.560585021972656e-05,0.0,nan,0.5084598064422607,1900000.0,-0.011108501814305782,0.0002518165856599808,-2.2888184680880386e-09,0.018750770017504692,-0.0008983537554740906,2.6450412273406982,12725.60546875,129.22946166992188,9.90762710571289,139.13714599609375,143.7430877685547,0.8898282051086426,0.30347320437431335,0.1524023711681366,0.025259077548980713,0.3410469889640808
26.599206924438477,56.58000183105469,1000.0,95.0,0.7073478102684021,0.0,10.0,1.0000011920928955,1.0000011920928955,1.0000011920928955,1.1920928955078125e-06,0.0,nan,0.5089402198791504,1920000.0,-0.010779274627566338,0.00032922718673944473,6.484985437538171e-09,0.018453583121299744,-0.0002971868962049484,2.6392219066619873,12860.658203125,125.04013061523438,9.956766128540039,134.9969482421875,148.15150451660156,0.9306523203849792,0.31069180369377136,0.18357452750205994,0.023091645911335945,0.33384305238723755
26.715160369873047,56.619998931884766,1000.0,96.0,0.7100043296813965,0.0,10.0,0.9999743700027466,0.9999743700027466,0.9999743700027466,2.560021312092431e-05,0.0,nan,0.5102114677429199,1940000.0,-0.010286048986017704,0.0004932256415486336,-4.577636936176077e-09,0.019345853477716446,0.0008922703564167023,2.630967140197754,12996.369140625,125.52388000488281,10.168320655822754,135.69224548339844,147.39236450195312,0.9893882274627686,0.32913556694984436,0.1272745281457901,0.020431315526366234,0.3326658010482788
26.807676315307617,67.87999725341797,1000.0,97.0,0.708382785320282,0.0,10.0,0.9998607039451599,0.9998607039451599,0.9998607039451599,0.0001392960548400879,0.0,nan,0.5092331171035767,1960000.0,-0.011111332103610039,-0.0008252831175923347,2.861023085110048e-10,0.015640176832675934,-0.003705676645040512,2.6195547580718994,13134.9013671875,128.31785583496094,10.195303916931152,138.51321411132812,144.39056396484375,0.8878499269485474,0.3075590431690216,0.17127937078475952,0.025371767580509186,0.34640875458717346
27.034223556518555,59.2400016784668,1000.0,98.0,0.7075182199478149,0.0,10.0,0.999697744846344,0.999697744846344,0.999697744846344,0.00030225515365600586,0.0,nan,0.5089592933654785,1980000.0,-0.011133531108498573,-2.2199004888534546e-05,-9.346008411625917e-09,0.019786741584539413,0.00414656475186348,2.645580768585205,13270.05859375,125.24022674560547,9.863077163696289,135.1033477783203,148.03482055664062,0.9036862254142761,0.31336039304733276,0.1508805751800537,0.024490324780344963,0.3467579782009125
26.822832107543945,57.040000915527344,1000.0,99.0,0.7068895101547241,0.0,10.0,0.9992477893829346,0.9992477893829346,0.9992477893829346,0.0007522404193878174,0.0,nan,0.5087146759033203,2000000.0,-0.010552818886935711,0.0005807122215628624,6.103515470812226e-09,0.01952938362956047,-0.00025735795497894287,2.647829055786133,13405.6923828125,125.78579711914062,9.828680038452148,135.61453247070312,147.47682189941406,0.9382766485214233,0.310743123292923,0.15692947804927826,0.02271788939833641,0.3311850428581238
26.874305725097656,56.47999954223633,1000.0,100.0,0.704087495803833,0.0,10.0,1.0001111030578613,1.0001111030578613,1.0001111030578613,0.00011104346776846796,0.0,nan,0.5066940784454346,2020000.0,-0.010908599011600018,-0.00035578012466430664,-2.0980834847250662e-09,0.01703955978155136,-0.0024898238480091095,2.663048028945923,13540.9814453125,125.27751159667969,9.987314224243164,135.26487731933594,147.85806274414062,0.9114530682563782,0.3164387345314026,0.1609591394662857,0.024074718356132507,0.34718048572540283
26.805559158325195,58.939998626708984,1000.0,101.0,0.7026789784431458,0.0,10.0,1.0004756450653076,1.0004756450653076,1.0004756450653076,0.0004756450653076172,0.0,nan,0.5056382417678833,2040000.0,-0.011520949192345142,-0.0006123501807451248,-1.039505015398845e-08,0.018650520592927933,0.0016109608113765717,2.6448116302490234,13675.91015625,125.07411193847656,9.827966690063477,134.90213012695312,148.25563049316406,0.8819299340248108,0.3183605372905731,0.15661075711250305,0.02571352943778038,0.36098161339759827
26.875104904174805,57.900001525878906,1000.0,102.0,0.7032580375671387,0.0,10.0,1.0008544921875,1.0008544921875,1.0008544921875,0.0008545517921447754,0.0,nan,0.5059467554092407,2060000.0,-0.011225227266550064,0.0002957219257950783,5.340575981449547e-09,0.018912285566329956,0.0002617649734020233,2.6394307613372803,13810.48046875,124.39091491699219,10.123542785644531,134.51451110839844,148.682861328125,0.9051819443702698,0.3225648105144501,0.15201611816883087,0.024409452453255653,0.35635361075401306
26.799724578857422,52.5,1000.0,103.0,0.7042171359062195,0.0,10.0,0.9995670318603516,0.9995670318603516,0.9995670318603516,0.0004329979419708252,0.0,nan,0.5061203241348267,2080000.0,-0.010455588810145855,0.0007696384564042091,5.912780931538464e-09,0.018935106694698334,2.2821128368377686e-05,2.654632329940796,13945.8876953125,125.4646987915039,9.918038368225098,135.38279724121094,147.72926330566406,0.9357538223266602,0.3278864026069641,0.14160101115703583,0.022840552031993866,0.35039815306663513
26.812746047973633,52.439998626708984,1000.0,104.0,0.7019717693328857,0.0,10.0,0.9999586343765259,0.9999586343765259,0.9999586343765259,4.139543671044521e-05,0.0,nan,0.5051425695419312,2100000.0,-0.011138039641082287,-0.0006824508309364319,-9.58442658571812e-09,0.019078416749835014,0.0001433100551366806,2.6479296684265137,14079.7578125,124.08025360107422,9.76730728149414,133.84762573242188,149.42364501953125,0.9060785174369812,0.32709452509880066,0.14137011766433716,0.024361172690987587,0.3610002398490906
27.1177978515625,45.86000061035156,1000.0,105.0,0.6951755285263062,0.0,10.0,1.0002567768096924,1.0002567768096924,1.0002567768096924,0.0002567172050476074,0.0,nan,0.5016278028488159,2120000.0,-0.011004406027495861,0.00013363361358642578,5.149841442175784e-09,0.020306505262851715,0.0012280885130167007,2.653513193130493,14214.87890625,125.08001708984375,10.01828384399414,135.09854125976562,148.04010009765625,0.9066110849380493,0.3225441873073578,0.1380467563867569,0.0243325587362051,0.35576915740966797
26.843364715576172,51.65999984741211,1000.0,106.0,0.69013512134552,0.0,10.0,0.9994823932647705,0.9994823932647705,0.9994823932647705,0.0005175769329071045,0.0,nan,0.4986753463745117,2140000.0,-0.011409847065806389,-0.0004054410383105278,9.536742923144104e-11,0.015682894736528397,-0.0046236105263233185,2.664294958114624,14354.7822265625,130.1940460205078,9.691324234008789,139.8854217529297,142.9741668701172,0.8973325490951538,0.3248912990093231,0.15865260362625122,0.024838365614414215,0.36206355690956116
26.692983627319336,52.97999954223633,1000.0,107.0,0.6824419498443604,0.0,10.0,1.0004723072052002,1.0004723072052002,1.0004723072052002,0.0004722476005554199,0.0,nan,0.49514979124069214,2160000.0,-0.011209777556359768,0.00020006950944662094,-7.677078528445236e-09,0.018966976553201675,0.003284081816673279,2.6633503437042236,14495.55078125,130.7516326904297,9.998109817504883,140.7498016357422,142.09613037109375,0.8749911189079285,0.3189997971057892,0.16123856604099274,0.026122968643903732,0.3645748794078827
26.815126419067383,53.0,1000.0,108.0,0.673691987991333,0.0,10.0,1.0003743171691895,1.0003743171691895,1.0003743171691895,0.0003743767738342285,0.0,nan,0.49101150035858154,2180000.0,-0.010522434487938881,0.000687343068420887,9.346008411625917e-09,0.02063653990626335,0.001669563353061676,2.6673178672790527,14636.568359375,131.29449462890625,9.70400619506836,140.99855041503906,141.84542846679688,0.9357309937477112,0.319839745759964,0.18183881044387817,0.022841665893793106,0.34180739521980286
26.994590759277344,58.81999969482422,1000.0,109.0,0.6713558435440063,0.0,10.0,0.9992384314537048,0.9992384314537048,0.9992384314537048,0.000761568546295166,0.0,nan,0.4896778464317322,2200000.0,-0.010777865536510944,-0.00025543104857206345,-9.536743617033494e-10,0.020675556734204292,3.901682794094086e-05,2.66387939453125,14772.48046875,125.56632995605469,10.327339172363281,135.8937225341797,147.17384338378906,0.9097855091094971,0.313001811504364,0.18113484978675842,0.024163052439689636,0.3440391421318054
26.901103973388672,56.439998626708984,1000.0,110.0,0.669660210609436,0.0,10.0,0.9998472929000854,0.9998472929000854,0.9998472929000854,0.00015273690223693848,0.0,nan,0.4891728162765503,2220000.0,-0.011124086566269398,-0.00034622102975845337,-9.536743617033494e-10,0.01806872896850109,-0.0026068277657032013,2.658238172531128,14907.9775390625,125.77606964111328,9.702413558959961,135.47853088378906,147.6248779296875,0.880041241645813,0.31611311435699463,0.1520041823387146,0.025824015960097313,0.35920262336730957
26.81525421142578,60.36000061035156,1000.0,111.0,0.6704970598220825,0.0,10.0,1.0003933906555176,1.0003933906555176,1.0003933906555176,0.00039333105087280273,0.0,nan,0.49017420411109924,2240000.0,-0.011259851977229118,-0.0001357654109597206,8.153915764808062e-09,0.016344336792826653,-0.0017243921756744385,2.6546268463134766,15043.251953125,125.09052276611328,10.166349411010742,135.25692749023438,147.8667449951172,0.8985481858253479,0.30437353253364563,0.16341838240623474,0.024771202355623245,0.33873921632766724
26.751136779785156,65.0999984741211,1000.0,112.0,0.6675280332565308,0.0,10.0,0.9997502565383911,0.9997502565383911,0.9997502565383911,0.000249713659286499,0.0,nan,0.48899590969085693,2260000.0,-0.010486484505236149,0.0007733674719929695,4.291534239087014e-09,0.017619764432311058,0.0012754276394844055,2.647195339202881,15178.208984375,125.00157165527344,9.919203758239746,134.9208526611328,148.2350616455078,0.9479044675827026,0.31742653250694275,0.13067282736301422,0.02225874550640583,0.3348718583583832
26.808826446533203,67.36000061035156,1000.0,113.0,0.6638714075088501,0.0,10.0,0.9992350935935974,0.9992350935935974,0.9992350935935974,0.0007649064064025879,0.0,nan,0.48736774921417236,2280000.0,-0.01140181627124548,-0.0009153317660093307,1.907348723406699e-09,0.01884595863521099,0.0012261942028999329,2.647235631942749,15311.609375,123.42646789550781,9.925326347351074,133.3518524169922,149.97918701171875,0.8610482811927795,0.3096465766429901,0.19344601035118103,0.026975832879543304,0.3596157729625702
26.939620971679688,59.65999984741211,1000.0,114.0,0.6664050221443176,0.0,10.0,1.0008556842803955,1.0008556842803955,1.0008556842803955,0.0008556842803955078,0.0,nan,0.48879706859588623,2300000.0,-0.012162885628640652,-0.0007610693573951721,5.722046170220096e-10,0.01992863230407238,0.0010826736688613892,2.6586661338806152,15445.49609375,124.09896850585938,9.735272407531738,133.83432006835938,149.4385223388672,0.8428013324737549,0.320987343788147,0.16233289241790771,0.028156548738479614,0.38085752725601196
26.939619064331055,58.65999984741211,1000.0,115.0,0.669538676738739,0.0,10.0,1.000147819519043,1.000147819519043,1.000147819519043,0.0001477599289501086,0.0,nan,0.49076932668685913,2320000.0,-0.01259445957839489,-0.00043157394975423813,-1.907348723406699e-09,0.019916556775569916,-1.2075528502464294e-05,2.6525092124938965,15578.970703125,123.46855163574219,9.988515853881836,133.45713806152344,149.86085510253906,0.8587087988853455,0.3378966450691223,0.1405901461839676,0.027123015373945236,0.3934938907623291
26.938255310058594,65.5,1000.0,116.0,0.6681894063949585,0.0,10.0,0.9998055696487427,0.9998055696487427,0.9998055696487427,0.00019443035125732422,0.0,nan,0.49082711338996887,2340000.0,-0.011579396203160286,0.0010150633752346039,2.1934509764065524e-09,0.01833301968872547,-0.0015835370868444443,2.653388738632202,15713.8046875,124.77838134765625,10.034380912780762,134.81283569335938,148.3538360595703,0.8799516558647156,0.3098522126674652,0.1710149049758911,0.025829274207353592,0.3521241843700409
26.826753616333008,63.7400016784668,1000.0,117.0,0.6626793146133423,0.0,10.0,0.9990450143814087,0.9990450143814087,0.9990450143814087,0.0009550154209136963,0.0,nan,0.4891146421432495,2360000.0,-0.011900665238499641,-0.00032126903533935547,-2.8610229740877458e-09,0.018548768013715744,0.00021574832499027252,2.6616671085357666,15848.5546875,124.70724487304688,9.991133689880371,134.69842529296875,148.47984313964844,0.8369641900062561,0.31156158447265625,0.1766810119152069,0.028550654649734497,0.372251957654953
26.766773223876953,67.16000366210938,1000.0,118.0,0.657254695892334,0.0,10.0,0.9992748498916626,0.9992748498916626,0.9992748498916626,0.0007251501083374023,0.0,nan,0.4858751893043518,2380000.0,-0.011529503390192986,0.0003711618483066559,3.433227480087453e-09,0.017977073788642883,-0.0005716942250728607,2.6551425457000732,15984.552734375,126.09880828857422,9.880194664001465,135.9790496826172,147.08148193359375,0.8701669573783875,0.2991759777069092,0.15256018936634064,0.02641342207789421,0.34381455183029175
26.951702117919922,59.02000045776367,1000.0,119.0,0.655859112739563,0.0,10.0,1.000709891319275,1.000709891319275,1.000709891319275,0.0007098913192749023,0.0,nan,0.48390084505081177,2400000.0,-0.01179198082536459,-0.00026247743517160416,3.2424927187690855e-09,0.019079478457570076,0.0011024046689271927,2.6481523513793945,16118.8994140625,124.32423400878906,10.003963470458984,134.3282470703125,148.88900756835938,0.8715107440948486,0.3169318735599518,0.16012556850910187,0.026332030072808266,0.36365801095962524
26.871294021606445,62.099998474121094,1000.0,120.0,0.6572328805923462,0.0,10.0,0.999537467956543,0.999537467956543,0.999537467956543,0.00046250224113464355,0.0,nan,0.48427414894104004,2420000.0,-0.011489495635032654,0.0003024851903319359,-3.2424927187690855e-09,0.017134087160229683,-0.001945391297340393,2.6501543521881104,16251.6591796875,123.165771484375,9.575172424316406,132.74099731445312,150.6693572998047,0.8654571771621704,0.3146628141403198,0.1815022975206375,0.026701685041189194,0.36357995867729187
26.847566604614258,61.81999969482422,1000.0,121.0,0.6567054986953735,0.0,10.0,0.9995431900024414,0.9995431900024414,0.9995431900024414,0.00045683979988098145,0.0,nan,0.48365384340286255,2440000.0,-0.011713872663676739,-0.00022437702864408493,-8.296966669263384e-09,0.018795650452375412,0.001661563292145729,2.6544504165649414,16384.48828125,123.09786987304688,9.709425926208496,132.80735778808594,150.59408569335938,0.8501158356666565,0.3138524293899536,0.23543208837509155,0.027674108743667603,0.3691878020763397
26.71302032470703,60.459999084472656,1000.0,122.0,0.6540203094482422,0.0,10.0,1.000496745109558,1.000496745109558,1.000496745109558,0.0004967451095581055,0.0,nan,0.4821526110172272,2460000.0,-0.012311959639191628,-0.0005980869755148888,-2.861023085110048e-10,0.01923798769712448,0.0004423372447490692,2.662877321243286,16519.48828125,124.64610290527344,10.3226900100708,134.96885681152344,148.18234252929688,0.8194491863250732,0.308732807636261,0.20914989709854126,0.0297841913998127,0.3767564594745636
26.7558650970459,55.040000915527344,1000.0,123.0,0.6530264616012573,0.0,10.0,1.0001723766326904,1.0001723766326904,1.0001723766326904,0.0001724362518871203,0.0,nan,0.48147445917129517,2480000.0,-0.012245675548911095,6.628409028053284e-05,-4.482269222449986e-09,0.018810272216796875,-0.0004277154803276062,2.6957473754882812,16655.263671875,125.36406707763672,10.391560554504395,135.75570678710938,147.32347106933594,0.8087717294692993,0.3059462010860443,0.21224504709243774,0.030575808137655258,0.3782850205898285
27.004779815673828,56.08000183105469,1000.0,124.0,0.6521668434143066,0.0,10.0,0.9997310042381287,0.9997310042381287,0.9997310042381287,0.0002689957618713379,0.0,nan,0.48123711347579956,2500000.0,-0.01209111139178276,0.00015456415712833405,1.287460360543946e-09,0.020366312935948372,0.0015560407191514969,2.69384503364563,16792.15234375,126.46858215332031,10.39798355102539,136.8666229248047,146.12767028808594,0.8070257306098938,0.30337193608283997,0.21538273990154266,0.030708249658346176,0.3759135901927948
27.345922470092773,50.0,1000.0,125.0,0.65157151222229,0.0,10.0,0.9993104934692383,0.9993104934692383,0.9993104934692383,0.0006895363330841064,0.0,nan,0.48131629824638367,2520000.0,-0.012605897150933743,-0.0005147857591509819,-3.6239624634504253e-09,0.0206073559820652,0.00024104304611682892,2.7078912258148193,16924.8671875,122.58458709716797,10.111532211303711,132.6961669921875,150.7202606201172,0.7890773415565491,0.29653704166412354,0.2434881031513214,0.032121121883392334,0.3758021593093872
27.27159881591797,56.63999938964844,1000.0,126.0,0.64739990234375,0.0,10.0,0.9998328685760498,0.9998328685760498,0.9998328685760498,0.0001671314239501953,0.0,nan,0.4790760576725006,2540000.0,-0.011391145177185535,0.001214751973748207,-1.7166137400437265e-09,0.01972387358546257,-0.0008834823966026306,2.7000887393951416,17058.369140625,123.6844711303711,9.798604011535645,133.48312377929688,149.83168029785156,0.8850393891334534,0.3174753189086914,0.14043471217155457,0.02553316205739975,0.35871320962905884
27.084144592285156,60.5,1000.0,127.0,0.644514799118042,0.0,10.0,1.0003763437271118,1.0003763437271118,1.0003763437271118,0.0003763437271118164,0.0,nan,0.4772886633872986,2560000.0,-0.01194782555103302,-0.0005566803738474846,-9.536743617033494e-10,0.01920938678085804,-0.0005144868046045303,2.7229647636413574,17194.568359375,126.80033874511719,9.378400802612305,136.1787872314453,146.86575317382812,0.8644943237304688,0.31035947799682617,0.1611926108598709,0.026761198416352272,0.35900694131851196
26.932052612304688,56.79999923706055,1000.0,128.0,0.6491128206253052,0.0,10.0,1.0009175539016724,1.0009175539016724,1.0009175539016724,0.0009175539016723633,0.0,nan,0.47921231389045715,2580000.0,-0.012598135508596897,-0.0006503099575638771,-5.00678998260895e-10,0.01683800294995308,-0.0023713838309049606,2.686492681503296,17335.759765625,131.30113220214844,9.870973587036133,141.1721649169922,141.67098999023438,0.8276475071907043,0.31080859899520874,0.19810213148593903,0.029197053983807564,0.3755325973033905
26.828290939331055,60.439998626708984,1000.0,129.0,0.6493957042694092,0.0,10.0,1.0003753900527954,1.0003753900527954,1.0003753900527954,0.00037539005279541016,0.0,nan,0.47941046953201294,2600000.0,-0.011610419489443302,0.000987716019153595,-1.5258788677030566e-09,0.019888971000909805,0.003050968050956726,2.695164680480957,17479.212890625,133.42665100097656,10.00776195526123,143.43447875976562,139.43650817871094,0.871346652507782,0.3078310787677765,0.18580874800682068,0.02634194679558277,0.35328200459480286
26.726055145263672,52.2400016784668,1000.0,130.0,0.6427111625671387,0.0,10.0,1.0004467964172363,1.0004467964172363,1.0004467964172363,0.0004468560218811035,0.0,nan,0.47650647163391113,2620000.0,-0.011870789341628551,-0.00026036985218524933,-2.6702879907247734e-09,0.01795027405023575,-0.001938696950674057,2.682723045349121,17613.900390625,125.20406341552734,9.429012298583984,134.6331329345703,148.55184936523438,0.8330161571502686,0.3103434443473816,0.1676245629787445,0.028821924701333046,0.37255385518074036
26.966550827026367,48.900001525878906,1000.0,131.0,0.6370338201522827,0.0,10.0,1.0002696514129639,1.0002696514129639,1.0002696514129639,0.0002696514129638672,0.0,nan,0.47336727380752563,2640000.0,-0.01107813697308302,0.0007926523685455322,2.956390465769232e-09,0.020414046943187714,0.0024637728929519653,2.6849594116210938,17750.099609375,126.3418197631836,9.8023681640625,136.1442413330078,146.9030303955078,0.9275872111320496,0.3149893581867218,0.14920806884765625,0.023244505748152733,0.3395792841911316
26.778806686401367,54.439998626708984,1000.0,132.0,0.6356923580169678,0.0,10.0,1.0008111000061035,1.0008111000061035,1.0008111000061035,0.0008111000061035156,0.0,nan,0.47188350558280945,2660000.0,-0.012250199913978577,-0.0011720629408955574,-2.2888184680880386e-09,0.017591379582881927,-0.002822667360305786,2.694506883621216,17885.982421875,126.04437255859375,9.774157524108887,135.81858825683594,147.25526428222656,0.8635050654411316,0.32098716497421265,0.16332344710826874,0.02682255208492279,0.371725857257843
26.69231605529785,57.540000915527344,1000.0,133.0,0.6336797475814819,0.0,10.0,0.9993593692779541,0.9993593692779541,0.9993593692779541,0.0006406605243682861,0.0,nan,0.4704742729663849,2680000.0,-0.011624121107161045,0.0006260788068175316,-6.508827254947391e-09,0.015834925696253777,-0.001756453886628151,2.6844141483306885,18021.955078125,126.09223937988281,9.861587524414062,135.95391845703125,147.10870361328125,0.8541673421859741,0.31926268339157104,0.15079568326473236,0.027412202209234238,0.37377065420150757
26.754104614257812,55.279998779296875,1000.0,134.0,0.6311948895454407,0.0,10.0,1.0001921653747559,1.0001921653747559,1.0001921653747559,0.0001921057846629992,0.0,nan,0.46901383996009827,2700000.0,-0.012658104300498962,-0.0010339831933379173,3.433227480087453e-09,0.018583597615361214,0.002748671919107437,2.694234848022461,18162.884765625,131.0887451171875,9.818185806274414,140.906982421875,141.9376220703125,0.8597344160079956,0.3164950907230377,0.1518610119819641,0.027058344334363937,0.36813125014305115
26.65180206298828,47.31999969482422,1000.0,135.0,0.6282861828804016,0.0,10.0,0.9992339015007019,0.9992339015007019,0.9992339015007019,0.0007660984992980957,0.0,nan,0.4675183594226837,2720000.0,-0.012505769729614258,0.0001523345708847046,1.8119812317252126e-09,0.01657116785645485,-0.0020124297589063644,2.6687405109405518,18306.291015625,132.8812255859375,10.504925727844238,143.38621520996094,139.48342895507812,0.7884501814842224,0.31886640191078186,0.16592581570148468,0.03217224404215813,0.40442171692848206
26.52402114868164,50.060001373291016,1000.0,136.0,0.6273055076599121,0.0,10.0,1.0002706050872803,1.0002706050872803,1.0002706050872803,0.00027054548263549805,0.0,nan,0.46720975637435913,2740000.0,-0.01113112736493349,0.001374642364680767,-4.386901952813105e-09,0.016891296952962875,0.0003201290965080261,2.6591339111328125,18450.91015625,134.743408203125,9.856788635253906,144.60025024414062,138.31236267089844,0.8869092464447021,0.3067214787006378,0.14546777307987213,0.025425612926483154,0.34583184123039246
26.755878448486328,52.63999938964844,1000.0,137.0,0.6297610998153687,0.0,10.0,1.0005865097045898,1.0005865097045898,1.0005865097045898,0.0005865097045898438,0.0,nan,0.46873536705970764,2760000.0,-0.011969194747507572,-0.0008380673825740814,-1.0299682884351569e-08,0.01841129921376705,0.0015200022608041763,2.658737897872925,18592.810546875,131.83853149414062,10.010099411010742,141.8486785888672,140.99533081054688,0.8386162519454956,0.3008974492549896,0.1906113624572754,0.028438279405236244,0.35880225896835327
26.91242218017578,49.380001068115234,1000.0,138.0,0.6356234550476074,0.0,10.0,0.9998641610145569,0.9998641610145569,0.9998641610145569,0.00013583898544311523,0.0,nan,0.47155964374542236,2780000.0,-0.011427572928369045,0.0005416218191385269,2.7656554824062596e-09,0.01935478113591671,0.0009434819221496582,2.6773345470428467,18739.189453125,135.59616088867188,10.728851318359375,146.32508850097656,136.68197631835938,0.8970304131507874,0.322325199842453,0.1458067148923874,0.024855099618434906,0.35932475328445435
26.87799644470215,48.779998779296875,1000.0,139.0,0.6385912895202637,0.0,10.0,1.000584363937378,1.000584363937378,1.000584363937378,0.0005843043327331543,0.0,nan,0.4732367992401123,2800000.0,-0.011067178100347519,0.00036039482802152634,-3.3378602104505717e-09,0.017007438465952873,-0.0023473426699638367,2.6755316257476807,18888.890625,139.55384826660156,10.126604080200195,149.68051147460938,133.61793518066406,0.890140175819397,0.3233095109462738,0.13440290093421936,0.025241374969482422,0.36321187019348145
26.90231704711914,51.2400016784668,1000.0,140.0,0.6322973966598511,0.0,10.0,0.9994463920593262,0.9994463920593262,0.9994463920593262,0.0005535781383514404,0.0,nan,0.47100377082824707,2820000.0,-0.011582550592720509,-0.0005153724923729897,-3.051757735406113e-09,0.0197979137301445,0.0027904752641916275,2.681596040725708,19033.16015625,134.50978088378906,9.74119758605957,144.2510223388672,138.64720153808594,0.8967291712760925,0.3186914026737213,0.18489223718643188,0.02487180195748806,0.3553931713104248
26.90070343017578,49.400001525878906,1000.0,141.0,0.6217232942581177,0.0,10.0,0.9999661445617676,0.9999661445617676,0.9999661445617676,3.38256468239706e-05,0.0,nan,0.46622705459594727,2840000.0,-0.011405568569898605,0.00017698202282190323,-4.76837147544984e-09,0.018600981682538986,-0.0011969320476055145,2.6947288513183594,19173.59375,130.38104248046875,10.025680541992188,140.4067840576172,142.44326782226562,0.851243793964386,0.3163166642189026,0.15452024340629578,0.027600811794400215,0.3715934455394745
26.831592559814453,55.459999084472656,1000.0,142.0,0.616956889629364,0.0,10.0,1.000436544418335,1.000436544418335,1.000436544418335,0.00043654441833496094,0.0,nan,0.46425795555114746,2860000.0,-0.011684995144605637,-0.00027942657470703125,5.006790093631253e-09,0.017481185495853424,-0.0011197961866855621,2.6993072032928467,19309.580078125,126.05962371826172,9.906530380249023,135.96621704101562,147.0953826904297,0.8704914450645447,0.3286862075328827,0.13525669276714325,0.02639373391866684,0.3775869905948639
26.837697982788086,58.2400016784668,1000.0,143.0,0.6148009300231934,0.0,10.0,0.9988653659820557,0.9988653659820557,0.9988653659820557,0.001134634017944336,0.0,nan,0.46365100145339966,2880000.0,-0.012806144542992115,-0.0011211493983864784,-5.149841442175784e-09,0.017452849075198174,-2.833642065525055e-05,2.659510850906372,19443.00390625,123.81160736083984,9.592472076416016,133.4041290283203,149.92041015625,0.8333813548088074,0.3078879117965698,0.18605920672416687,0.028796672821044922,0.36944422125816345
26.684776306152344,62.02000045776367,1000.0,144.0,0.6070370674133301,0.0,10.0,0.9997880458831787,0.9997880458831787,0.9997880458831787,0.00021192431449890137,0.0,nan,0.46015819907188416,2900000.0,-0.012392591685056686,0.0004135528579354286,1.4305114870438729e-09,0.015527883544564247,-0.0019249655306339264,2.6589620113372803,19577.69921875,124.39482116699219,10.24345588684082,134.63833618164062,148.54611206054688,0.8177148699760437,0.30967751145362854,0.20170718431472778,0.02991066500544548,0.37871089577674866
26.438148498535156,55.68000030517578,1000.0,145.0,0.6001280546188354,0.0,10.0,0.999704122543335,0.999704122543335,0.999704122543335,0.00029590725898742676,0.0,nan,0.45754390954971313,2920000.0,-0.012411301955580711,-1.8710270524024963e-05,-6.103515470812226e-09,0.01792864315211773,0.002400759607553482,2.6577110290527344,19710.0,122.6340103149414,9.646955490112305,132.281005859375,151.1932830810547,0.8176718950271606,0.3131852447986603,0.1867208480834961,0.029913809150457382,0.3830207586288452
26.747835159301758,57.08000183105469,1000.0,146.0,0.5994907021522522,0.0,10.0,1.000356674194336,1.000356674194336,1.000356674194336,0.0003566145896911621,0.0,nan,0.45770227909088135,2940000.0,-0.012798645533621311,-0.0003873435780405998,4.577636936176077e-09,0.019677380099892616,0.001748736947774887,2.665358781814575,19843.3125,123.56511688232422,9.728262901306152,133.29344177246094,150.04490661621094,0.8067095279693604,0.3115106523036957,0.2711290717124939,0.030732329934835434,0.38614973425865173
26.861003875732422,55.439998626708984,1000.0,147.0,0.5996827483177185,0.0,10.0,0.9999179244041443,0.9999179244041443,0.9999179244041443,8.207559585571289e-05,0.0,nan,0.45788896083831787,2960000.0,-0.010780691169202328,0.0020179543644189835,-8.296966669263384e-09,0.019578253850340843,-9.912624955177307e-05,2.692315101623535,19977.009765625,123.78414916992188,9.857620239257812,133.641845703125,149.65374755859375,0.9144768118858337,0.3165067136287689,0.1791960746049881,0.02391577512025833,0.3461068570613861
27.03301239013672,56.36000061035156,1000.0,148.0,0.5990210771560669,0.0,10.0,1.000002384185791,1.000002384185791,1.000002384185791,2.384185791015625e-06,0.0,nan,0.4579371511936188,2980000.0,-0.013196145184338093,-0.002415454015135765,5.722046170220096e-10,0.01938260719180107,-0.00019564665853977203,2.6960413455963135,20111.353515625,123.80205535888672,10.48643684387207,134.28854370117188,148.93304443359375,0.7924191355705261,0.3023469150066376,0.20760376751422882,0.031850770115852356,0.3815493583679199
26.836071014404297,56.599998474121094,1000.0,149.0,0.5985645055770874,0.0,10.0,1.0001161098480225,1.0001161098480225,1.0001161098480225,0.00011610984802246094,0.0,nan,0.45800358057022095,3000000.0,-0.011636221781373024,0.0015599234029650688,-8.630753001170888e-09,0.016898714005947113,-0.002483893185853958,2.677417278289795,20246.8984375,125.43584442138672,10.087394714355469,135.52330017089844,147.57611083984375,0.8672674894332886,0.31618204712867737,0.17402051389217377,0.02659032866358757,0.36457276344299316
26.915464401245117,57.20000076293945,1000.0,150.0,0.5958795547485352,0.0,10.0,0.9999491572380066,0.9999491572380066,0.9999491572380066,5.08427619934082e-05,0.0,nan,0.45632705092430115,3020000.0,-0.011921784840524197,-0.00028556305915117264,-2.38418573772492e-09,0.018259737640619278,0.001361023634672165,2.6760997772216797,20381.28515625,124.45438385009766,9.87416934967041,134.32861328125,148.8886260986328,0.8539825677871704,0.30206358432769775,0.21623055636882782,0.02742406353354454,0.3537115752696991
26.861408233642578,58.880001068115234,1000.0,151.0,0.5936917066574097,0.0,10.0,0.9990359544754028,0.9990359544754028,0.9990359544754028,0.0009640157804824412,0.0,nan,0.4549720287322998,3040000.0,-0.013166878372430801,-0.0012450935319066048,1.9073485846288207e-10,0.017623456194996834,-0.0006362814456224442,2.638848304748535,20515.09765625,123.87873840332031,9.911994934082031,133.79078674316406,149.4871368408203,0.7671942710876465,0.3107753396034241,0.2478235960006714,0.03397966921329498,0.4050804376602173
26.98599624633789,63.29999923706055,1000.0,152.0,0.5928295850753784,0.0,10.0,1.0004749298095703,1.0004749298095703,1.0004749298095703,0.0004748702049255371,0.0,nan,0.45501819252967834,3060000.0,-0.01183238998055458,0.0013344883918762207,2.8610229740877458e-09,0.01876194030046463,0.0011384841054677963,2.6436383724212646,20655.25,130.3271026611328,9.768930435180664,140.09608459472656,142.75917053222656,0.8377543687820435,0.31127598881721497,0.16650253534317017,0.028496824204921722,0.3715599477291107
26.725074768066406,61.7599983215332,1000.0,153.0,0.5894806385040283,0.0,10.0,1.0002326965332031,1.0002326965332031,1.0002326965332031,0.00023275615239981562,0.0,nan,0.45365211367607117,3080000.0,-0.01170680858194828,0.00012558139860630035,-1.907348723406699e-09,0.01931430958211422,0.0005523692816495895,2.6373813152313232,20796.408203125,131.31407165527344,9.8245210647583,141.13864135742188,141.70465087890625,0.8502684831619263,0.3034781515598297,0.16976001858711243,0.027664169669151306,0.35692039132118225
27.054262161254883,60.959999084472656,1000.0,154.0,0.5879150629043579,0.0,10.0,0.9997198581695557,0.9997198581695557,0.9997198581695557,0.00028017163276672363,0.0,nan,0.45328864455223083,3100000.0,-0.011798002757132053,-9.119417518377304e-05,-3.2424927187690855e-09,0.01942780800163746,0.00011349841952323914,2.6370327472686768,20936.48046875,130.23179626464844,9.786174774169922,140.0180206298828,142.83876037597656,0.8663104772567749,0.3174782693386078,0.1418520212173462,0.02664910815656185,0.36647161841392517
27.07632064819336,59.47999954223633,1000.0,155.0,0.590458869934082,0.0,10.0,1.000036597251892,1.000036597251892,1.000036597251892,3.6597251892089844e-05,0.0,nan,0.4545159339904785,3120000.0,-0.011589525267481804,0.00020847748965024948,-9.346008411625917e-09,0.018158085644245148,-0.001269722357392311,2.6182663440704346,21078.001953125,131.49679565429688,10.006229400634766,141.50308227539062,141.33969116210938,0.8567569255828857,0.32319167256355286,0.15047666430473328,0.027246741577982903,0.37722691893577576
26.920228958129883,58.959999084472656,1000.0,156.0,0.5915951132774353,0.0,10.0,0.9998586177825928,0.9998586177825928,0.9998586177825928,0.00014135241508483887,0.0,nan,0.4549655318260193,3140000.0,-0.010773446410894394,0.00081607885658741,5.9604643443123e-10,0.018352484330534935,0.0001943986862897873,2.6441192626953125,21217.611328125,129.80917358398438,9.74742603302002,139.55665588378906,143.31097412109375,0.9135542511940002,0.3176785111427307,0.12206760793924332,0.02396409958600998,0.34773916006088257
26.794082641601562,55.099998474121094,1000.0,157.0,0.589505136013031,0.0,10.0,1.000432014465332,1.000432014465332,1.000432014465332,0.00043201446533203125,0.0,nan,0.4544522762298584,3160000.0,-0.011492894031107426,-0.0007194476202130318,3.528594971768939e-09,0.02008485049009323,0.0017323661595582962,2.635896921157837,21357.259765625,130.44125366210938,9.153717994689941,139.59503173828125,143.27159118652344,0.8938581943511963,0.3197380006313324,0.14476418495178223,0.02503182739019394,0.3577054738998413
27.009227752685547,48.279998779296875,1000.0,158.0,0.5879631638526917,0.0,10.0,0.9998893737792969,0.9998893737792969,0.9998893737792969,0.00011059642565669492,0.0,nan,0.45417845249176025,3180000.0,-0.011634178459644318,-0.00014128442853689194,-1.0108947456899386e-08,0.01919652335345745,-0.0008883271366357803,2.639160394668579,21482.9140625,116.83280944824219,8.801214218139648,125.63407897949219,159.19248962402344,0.8716187477111816,0.31966230273246765,0.1445561647415161,0.02632550522685051,0.36674559116363525
27.002277374267578,47.540000915527344,1000.0,159.0,0.5861734747886658,0.0,10.0,1.0002269744873047,1.0002269744873047,1.0002269744873047,0.00022703410650137812,0.0,nan,0.45380327105522156,3200000.0,-0.01093965396285057,0.000694524496793747,-9.727478378351861e-09,0.017315957695245743,-0.001880565658211708,2.6398627758026123,21602.8046875,111.23226165771484,8.611328125,119.84364318847656,166.88412475585938,0.9408096671104431,0.3172124922275543,0.12469924241304398,0.02259572222828865,0.33716973662376404
27.281278610229492,52.2599983215332,1000.0,160.0,0.5829117894172668,0.0,10.0,0.9992048740386963,0.9992048740386963,0.9992048740386963,0.0007951557636260986,0.0,nan,0.45278477668762207,3220000.0,-0.012251634150743484,-0.0013119801878929138,5.340575981449547e-09,0.02182631567120552,0.004510357975959778,2.6676154136657715,21721.86328125,110.4596176147461,8.580389022827148,119.0400619506836,168.01068115234375,0.8133426904678345,0.3144327402114868,0.16089977324008942,0.030233103781938553,0.38659316301345825
26.9055233001709,51.29999923706055,1000.0,161.0,0.5834231376647949,0.0,10.0,1.0011006593704224,1.0011006593704224,1.0011006593704224,0.0011006593704223633,0.0,nan,0.4535112679004669,3240000.0,-0.01154266856610775,0.0007089655846357346,1.9073485846288207e-10,0.01710681989789009,-0.00471949577331543,2.6616387367248535,21841.72265625,110.98160552978516,8.858156204223633,119.8398208618164,166.8894500732422,0.8526089191436768,0.3090446889400482,0.1949688345193863,0.027512501925230026,0.3624694049358368
26.762617111206055,52.34000015258789,1000.0,162.0,0.5790902972221375,0.0,10.0,1.0012233257293701,1.0012233257293701,1.0012233257293701,0.0012232661247253418,0.0,nan,0.45179659128189087,3260000.0,-0.011038037948310375,0.0005046306177973747,-3.3378602104505717e-09,0.019258836284279823,0.0021520163863897324,2.688838005065918,21963.462890625,112.61041259765625,9.083760261535645,121.69422149658203,164.3463592529297,0.8840674757957458,0.30046412348747253,0.1973181664943695,0.025589335709810257,0.33986565470695496
26.794313430786133,52.84000015258789,1000.0,163.0,0.572203516960144,0.0,10.0,1.0004503726959229,1.0004503726959229,1.0004503726959229,0.00045043230056762695,0.0,nan,0.4490189254283905,3280000.0,-0.011657612398266792,-0.0006195744499564171,2.6702879907247734e-09,0.019117068499326706,-0.00014176778495311737,2.6808857917785645,22084.41015625,111.99175262451172,8.937095642089844,120.92890167236328,165.38644409179688,0.8719091415405273,0.3174298405647278,0.15241295099258423,0.0263079721480608,0.36406296491622925
26.858766555786133,57.65999984741211,1000.0,164.0,0.5708264708518982,0.0,10.0,0.9998815059661865,0.9998815059661865,0.9998815059661865,0.00011846423876704648,0.0,nan,0.44865161180496216,3300000.0,-0.012319904752075672,-0.0006622923538088799,-3.910064716450279e-09,0.02094287984073162,0.0018258113414049149,2.689453601837158,22209.708984375,116.12662506103516,9.126317024230957,125.25299835205078,159.6768341064453,0.8407739400863647,0.3162097632884979,0.16795296967029572,0.028292503207921982,0.37609368562698364
26.676294326782227,55.459999084472656,1000.0,165.0,0.5692697763442993,0.0,10.0,0.9996587038040161,0.9996587038040161,0.9996587038040161,0.000341266393661499,0.0,nan,0.4470285177230835,3320000.0,-0.011905922554433346,0.00041398219764232635,-3.0040741005876725e-09,0.018073130398988724,-0.002869749441742897,2.6859095096588135,22334.69921875,116.175537109375,8.796332359313965,124.97193908691406,160.03594970703125,0.8299347162246704,0.30333682894706726,0.20327803492546082,0.029036350548267365,0.3654947578907013
26.60348129272461,56.70000076293945,1000.0,166.0,0.5675591230392456,0.0,10.0,1.0000057220458984,1.0000057220458984,1.0000057220458984,5.78195795242209e-06,0.0,nan,0.4454873204231262,3340000.0,-0.012266542762517929,-0.0003606202080845833,-7.2479249269008506e-09,0.021593162789940834,0.0035200323909521103,2.6784827709198,22455.71875,112.09980010986328,8.858943939208984,120.95880126953125,165.34556579589844,0.8339978456497192,0.3072465658187866,0.17018984258174896,0.028754113242030144,0.3684020936489105
26.646961212158203,49.619998931884766,1000.0,167.0,0.566679835319519,0.0,10.0,0.999916672706604,0.999916672706604,0.999916672706604,8.33571029943414e-05,0.0,nan,0.4454839527606964,3360000.0,-0.011780465953052044,0.00048607680946588516,2.6702879907247734e-09,0.01809578388929367,-0.0034973789006471634,2.670870780944824,22578.1640625,113.29342651367188,9.107062339782715,122.40054321289062,163.39797973632812,0.8696252107620239,0.3149382174015045,0.18058902025222778,0.02644633874297142,0.36215394735336304
26.728452682495117,47.540000915527344,1000.0,168.0,0.5629111528396606,0.0,10.0,0.9994708299636841,0.9994708299636841,0.9994708299636841,0.0005291402339935303,0.0,nan,0.4443787932395935,3380000.0,-0.012168776243925095,-0.0003883102908730507,2.956390465769232e-09,0.019939914345741272,0.0018441304564476013,2.681563377380371,22697.572265625,110.63597869873047,8.75082015991211,119.38685607910156,167.52264404296875,0.8298775553703308,0.31483328342437744,0.17469027638435364,0.029040349647402763,0.37937313318252563
26.901636123657227,44.220001220703125,1000.0,169.0,0.5589518547058105,0.0,10.0,1.000739574432373,1.000739574432373,1.000739574432373,0.0007396340370178223,0.0,nan,0.4433218836784363,3400000.0,-0.014186727814376354,-0.0020179515704512596,-1.1444092340440193e-09,0.018506184220314026,-0.001433730125427246,2.661614179611206,22823.583984375,116.98262786865234,9.009428024291992,125.99211120605469,158.7401123046875,0.7621119618415833,0.3055015802383423,0.2525094449520111,0.03443438559770584,0.40086185932159424
27.157699584960938,50.459999084472656,1000.0,170.0,0.5595152378082275,0.0,10.0,0.999329686164856,0.999329686164856,0.999329686164856,0.000670313835144043,0.0,nan,0.44452017545700073,3420000.0,-0.011548468843102455,0.002638258971273899,-6.675720420901143e-09,0.020382143557071686,0.00187595933675766,2.677731513977051,22949.693359375,116.95027160644531,9.14230728149414,126.09263610839844,158.61355590820312,0.8433372378349304,0.3030662536621094,0.17388080060482025,0.028120772913098335,0.3593653738498688
27.136640548706055,56.86000061035156,1000.0,171.0,0.5607743263244629,0.0,10.0,0.999718427658081,0.999718427658081,0.999718427658081,0.0002815425395965576,0.0,nan,0.44565463066101074,3440000.0,-0.012119272723793983,-0.0005708038806915283,4.291534350109316e-10,0.018419917672872543,-0.0019622258841991425,2.6667556762695312,23070.375,111.79081726074219,8.872907638549805,120.66377258300781,165.74984741210938,0.8218947649002075,0.3192552328109741,0.1906048208475113,0.02960720658302307,0.3884381651878357
26.994396209716797,57.97999954223633,1000.0,172.0,0.5627138614654541,0.0,10.0,1.0002596378326416,1.0002596378326416,1.0002596378326416,0.00025957822799682617,0.0,nan,0.44659972190856934,3460000.0,-0.012554893270134926,-0.0004356205463409424,4.053115898461357e-10,0.019281145185232162,0.0008612275123596191,2.6778130531311035,23193.375,114.25708770751953,8.719106674194336,122.97624206542969,162.63304138183594,0.8141238689422607,0.3063732981681824,0.209283709526062,0.030175114050507545,0.3763226866722107
27.0072078704834,57.29999923706055,1000.0,173.0,0.5664395093917847,0.0,10.0,0.9996927976608276,0.9996927976608276,0.9996927976608276,0.0003071725368499756,0.0,nan,0.4486476182937622,3480000.0,-0.012262738309800625,0.000292154960334301,-4.0531160649948106e-09,0.01833786629140377,-0.000943278893828392,2.6845691204071045,23312.986328125,110.96330261230469,8.631298065185547,119.59465026855469,167.2315673828125,0.7905287742614746,0.31866487860679626,0.17829173803329468,0.03200327605009079,0.4031033515930176
27.0491886138916,58.79999923706055,1000.0,174.0,0.5633130073547363,0.0,10.0,0.9996470808982849,0.9996470808982849,0.9996470808982849,0.0003529191017150879,0.0,nan,0.44774913787841797,3500000.0,-0.011941306293010712,0.0003214320167899132,-4.100799699813251e-09,0.017621131613850594,-0.0007167346775531769,2.6704821586608887,23432.369140625,110.67634582519531,8.689196586608887,119.36559295654297,167.552490234375,0.8043496012687683,0.3104037046432495,0.16752171516418457,0.03091293014585972,0.3859063982963562
26.747220993041992,60.7599983215332,1000.0,175.0,0.5566712617874146,0.0,10.0,1.0009739398956299,1.0009739398956299,1.0009739398956299,0.0009739995002746582,0.0,nan,0.44508442282676697,3520000.0,-0.012919722124934196,-0.0009784158319234848,-4.1961669694501325e-09,0.017534103244543076,-8.7028369307518e-05,2.682452440261841,23553.072265625,112.01902770996094,8.665404319763184,120.68447875976562,165.72140502929688,0.7982648611068726,0.30367887020111084,0.17775508761405945,0.031385987997055054,0.3804236650466919
26.678686141967773,60.7400016784668,1000.0,176.0,0.5559223890304565,0.0,10.0,1.0005840063095093,1.0005840063095093,1.0005840063095093,0.0005840063095092773,0.0,nan,0.44522979855537415,3540000.0,-0.012208585627377033,0.0007111364975571632,-3.051757735406113e-09,0.01868259906768799,0.0011484958231449127,2.701040744781494,23674.359375,112.5765380859375,8.69024658203125,121.2668685913086,164.925537109375,0.8380510210990906,0.3120884597301483,0.18771128356456757,0.028476649895310402,0.37239784002304077
26.731033325195312,54.97999954223633,1000.0,177.0,0.5615904331207275,0.0,10.0,1.0012274980545044,1.0012274980545044,1.0012274980545044,0.0012274980545043945,0.0,nan,0.4477374255657196,3560000.0,-0.0132418442517519,-0.0010332586243748665,-3.337859988405967e-10,0.01774381473660469,-0.0009387843310832977,2.70695424079895,23794.25390625,110.72810363769531,9.147397994995117,119.87555694580078,166.83970642089844,0.8062703013420105,0.3167000710964203,0.16601790487766266,0.030765824019908905,0.39279627799987793
26.92178726196289,51.79999923706055,1000.0,178.0,0.5688949227333069,0.0,10.0,1.0017846822738647,1.0017846822738647,1.0017846822738647,0.001784682273864746,0.0,nan,0.45049139857292175,3580000.0,-0.015365897677838802,-0.0021240534260869026,-1.4543533044530932e-09,0.018670782446861267,0.0009269677102565765,2.6922495365142822,23906.16015625,103.97956848144531,7.908003807067871,111.88762664794922,178.75079345703125,0.740218997001648,0.321347713470459,0.14449207484722137,0.036501385271549225,0.434125155210495
27.05007553100586,52.619998931884766,1000.0,179.0,0.5696439743041992,0.0,10.0,1.0008275508880615,1.0008275508880615,1.0008275508880615,0.000827491283416748,0.0,nan,0.450289785861969,3600000.0,-0.012488148175179958,0.002877749502658844,-2.6702879907247734e-09,0.01830274425446987,-0.00036803819239139557,2.704441785812378,24015.28125,101.31369018554688,7.788608551025391,109.10235595703125,183.31411743164062,0.827045738697052,0.31073516607284546,0.18897974491119385,0.029239559546113014,0.3757169544696808
26.86174774169922,63.68000030517578,1000.0,180.0,0.5688781142234802,0.0,10.0,0.9998542070388794,0.9998542070388794,0.9998542070388794,0.00014579296112060547,0.0,nan,0.4495638310909271,3620000.0,-0.011053547263145447,0.0014346009120345116,-4.577636936176077e-09,0.017068851739168167,-0.0012338925153017044,2.7122020721435547,24120.015625,96.97907257080078,7.73499870300293,104.71411895751953,190.99623107910156,0.9166013598442078,0.31262022256851196,0.17216147482395172,0.023805037140846252,0.3410644829273224
26.572277069091797,65.30000305175781,1000.0,181.0,0.5692232847213745,0.0,10.0,1.0005168914794922,1.0005168914794922,1.0005168914794922,0.0005168318748474121,0.0,nan,0.44954240322113037,3640000.0,-0.012691044248640537,-0.0016374969854950905,-2.8610229740877458e-09,0.01732272282242775,0.0002538710832595825,2.705296516418457,24224.0234375,96.19591522216797,7.794024467468262,103.989990234375,192.3262176513672,0.8315513134002686,0.30574050545692444,0.1968223601579666,0.028923559933900833,0.3676748275756836
26.620195388793945,63.65999984741211,1000.0,182.0,0.5655851364135742,0.0,10.0,0.9996131658554077,0.9996131658554077,0.9996131658554077,0.00038680434226989746,0.0,nan,0.4475424289703369,3660000.0,-0.012202870100736618,0.0004881741479039192,-4.673004205812958e-09,0.016641926020383835,-0.0006807968020439148,2.675534963607788,24329.12109375,97.11277770996094,7.952530860900879,105.06536102294922,190.3577117919922,0.8307225704193115,0.3191581666469574,0.16049827635288239,0.028981298208236694,0.3841935694217682
26.953645706176758,57.81999969482422,1000.0,183.0,0.5618200302124023,0.0,10.0,1.0006239414215088,1.0006239414215088,1.0006239414215088,0.0006240010261535645,0.0,nan,0.44572913646698,3680000.0,-0.0112100038677454,0.0009928662329912186,2.3841859042583735e-10,0.01943807862699032,0.0027961526066064835,2.6825056076049805,24433.859375,96.97122192382812,7.728335380554199,104.6996078491211,191.022705078125,0.8784414529800415,0.30749958753585815,0.19173216819763184,0.025918161496520042,0.3500513434410095
27.10442352294922,49.86000061035156,1000.0,184.0,0.5601217746734619,0.0,10.0,1.0000419616699219,1.0000419616699219,1.0000419616699219,4.1961669921875e-05,0.0,nan,0.44503575563430786,3700000.0,-0.011594239622354507,-0.00038423575460910797,-1.239776614703203e-09,0.019119907170534134,-0.0003181714564561844,2.689361810684204,24539.03125,97.32940673828125,7.823788166046143,105.15325164794922,190.1986083984375,0.8764855861663818,0.3155685365200043,0.1395857334136963,0.02603396214544773,0.36003854870796204
27.391225814819336,51.81999969482422,1000.0,185.0,0.558897852897644,0.0,10.0,0.9993347525596619,0.9993347525596619,0.9993347525596619,0.0006652474403381348,0.0,nan,0.4443649649620056,3720000.0,-0.012211828492581844,-0.0006175888702273369,-9.155273872352154e-09,0.019982507452368736,0.0008626002818346024,2.6789159774780273,24645.064453125,97.62664031982422,8.370206832885742,105.99691009521484,188.6847686767578,0.8407624959945679,0.30216896533966064,0.2056204229593277,0.028293274343013763,0.35939881205558777
27.38519859313965,47.220001220703125,1000.0,186.0,0.5611259937286377,0.0,10.0,0.9999713897705078,0.9999713897705078,0.9999713897705078,2.86102294921875e-05,0.0,nan,0.44520044326782227,3740000.0,-0.01160439383238554,0.0006074346601963043,1.0681151962899094e-08,0.020647263154387474,0.0006647557020187378,2.6651768684387207,24756.36328125,103.11223602294922,8.166776657104492,111.27906036376953,179.7283477783203,0.8567478060722351,0.315290629863739,0.16041235625743866,0.027247324585914612,0.36800873279571533
27.24958038330078,55.619998931884766,1000.0,187.0,0.5585236549377441,0.0,10.0,0.9991135597229004,0.9991135597229004,0.9991135597229004,0.0008864402770996094,0.0,nan,0.4438176155090332,3760000.0,-0.010702274739742279,0.000902119092643261,2.6702879907247734e-09,0.018627427518367767,-0.0020198356360197067,2.693626642227173,24864.98046875,100.9365005493164,7.661158084869385,108.59771728515625,184.16595458984375,0.9224106073379517,0.3221823573112488,0.14094218611717224,0.023506134748458862,0.34928300976753235
26.950332641601562,58.7599983215332,1000.0,188.0,0.5531833171844482,0.0,10.0,1.001274824142456,1.001274824142456,1.001274824142456,0.0012748241424560547,0.0,nan,0.44170862436294556,3780000.0,-0.012044746428728104,-0.0013424716889858246,3.814697446813398e-09,0.01783743128180504,-0.0007899962365627289,2.716085433959961,24969.26953125,96.36002349853516,7.911356449127197,104.27142333984375,191.80711364746094,0.8359145522117615,0.3102888762950897,0.15048609673976898,0.028622398152947426,0.3711968958377838
27.03281021118164,55.29999923706055,1000.0,189.0,0.5493459701538086,0.0,10.0,0.9995075464248657,0.9995075464248657,0.9995075464248657,0.0004924237728118896,0.0,nan,0.44014084339141846,3800000.0,-0.012711978517472744,-0.0006672320887446404,-7.0095063087194376e-09,0.018449829891324043,0.0006123986095190048,2.7188239097595215,25073.6171875,96.5355224609375,7.792104244232178,104.32769012451172,191.70367431640625,0.7899661064147949,0.29704421758651733,0.21658998727798462,0.03204888850450516,0.3760213553905487
27.083250045776367,47.540000915527344,1000.0,190.0,0.5474602580070496,0.0,10.0,1.0005178451538086,1.0005178451538086,1.0005178451538086,0.0005179047584533691,0.0,nan,0.43858373165130615,3820000.0,-0.011598240584135056,0.0011137379333376884,3.7193297330873065e-09,0.018774015828967094,0.00032418593764305115,2.730990171432495,25178.271484375,96.84367370605469,7.770782470703125,104.614501953125,191.1781005859375,0.8534772992134094,0.3188628852367401,0.14701135456562042,0.02745654433965683,0.373604416847229
26.954374313354492,51.560001373291016,1000.0,191.0,0.5560048222541809,0.0,10.0,1.0014042854309082,1.0014042854309082,1.0014042854309082,0.0014042258262634277,0.0,nan,0.4421284794807434,3840000.0,-0.013506654649972916,-0.00190841406583786,-1.907348723406699e-09,0.019543103873729706,0.0007690880447626114,2.717362403869629,25283.267578125,97.26530456542969,7.7145185470581055,104.97987365722656,190.51272583007812,0.7988542318344116,0.30108052492141724,0.18154031038284302,0.03133969381451607,0.3768904507160187
26.842100143432617,58.18000030517578,1000.0,192.0,0.5629894733428955,0.0,10.0,0.999922513961792,0.999922513961792,0.999922513961792,7.748603820800781e-05,0.0,nan,0.44582056999206543,3860000.0,-0.012571978382766247,0.0009346762672066689,-4.1961669694501325e-09,0.01690027303993702,-0.0026428308337926865,2.711280584335327,25387.6171875,96.78773498535156,7.544295787811279,104.33207702636719,191.69561767578125,0.7818812727928162,0.3133857846260071,0.16489210724830627,0.032715097069740295,0.4008099436759949
26.979074478149414,56.20000076293945,1000.0,193.0,0.5634788274765015,0.0,10.0,0.9988530278205872,0.9988530278205872,0.9988530278205872,0.0011469721794128418,0.0,nan,0.44672638177871704,3880000.0,-0.0113200843334198,0.001251894049346447,-2.6702879907247734e-09,0.020492680370807648,0.0035924073308706284,2.7145748138427734,25493.626953125,98.09587097167969,7.896726131439209,105.9926528930664,188.6923370361328,0.8848803043365479,0.31424739956855774,0.21458876132965088,0.02554234489798546,0.3551297187805176
26.995445251464844,52.97999954223633,1000.0,194.0,0.5646410584449768,0.0,10.0,1.0009891986846924,1.0009891986846924,1.0009891986846924,0.0009891986846923828,0.0,nan,0.4470154643058777,3900000.0,-0.011428316123783588,-0.0001082317903637886,-6.675719976811934e-10,0.01830201782286167,-0.0021906625479459763,2.7268481254577637,25601.822265625,100.1998519897461,7.957540035247803,108.15744018554688,184.91563415527344,0.8648536205291748,0.31702497601509094,0.174897700548172,0.026738964021205902,0.36656489968299866
26.94763946533203,53.63999938964844,1000.0,195.0,0.5617502927780151,0.0,10.0,1.0002515316009521,1.0002515316009521,1.0002515316009521,0.00025153160095214844,0.0,nan,0.44534236192703247,3920000.0,-0.011599305085837841,-0.00017098896205425262,-4.482269222449986e-09,0.0174113642424345,-0.0008906535804271698,2.704176187515259,25708.89453125,99.4552993774414,7.584692001342773,107.0400390625,186.84597778320312,0.8520817160606384,0.315213143825531,0.13654088973999023,0.027546558529138565,0.3699329197406769
27.01980209350586,60.15999984741211,1000.0,196.0,0.5589406490325928,0.0,10.0,0.9998836517333984,0.9998836517333984,0.9998836517333984,0.0001163482666015625,0.0,nan,0.4438781440258026,3940000.0,-0.011762578040361404,-0.00016327295452356339,1.1444091896350983e-08,0.018282450735569,0.0008710864931344986,2.665872812271118,25813.583984375,96.89887237548828,7.771152496337891,104.67007446289062,191.07659912109375,0.8410548567771912,0.3240624964237213,0.1417558491230011,0.028273604810237885,0.3853047490119934
26.84632110595703,58.459999084472656,1000.0,197.0,0.557345986366272,0.0,10.0,1.00028657913208,1.00028657913208,1.00028657913208,0.00028651952743530273,0.0,nan,0.44331327080726624,3960000.0,-0.01183000672608614,-6.742868572473526e-05,-6.675720420901143e-09,0.018656549975275993,0.0003740992397069931,2.6496634483337402,25919.521484375,98.30475616455078,7.615411758422852,105.92021179199219,188.82138061523438,0.8064289689064026,0.3142396807670593,0.20175345242023468,0.030753713101148605,0.38966813683509827
26.749744415283203,57.900001525878906,1000.0,198.0,0.5541175007820129,0.0,10.0,0.9998538494110107,0.9998538494110107,0.9998538494110107,0.0001461803913116455,0.0,nan,0.4426766037940979,3980000.0,-0.012741439044475555,-0.0009114323183894157,4.76837147544984e-09,0.018270207569003105,-0.0003863424062728882,2.6760518550872803,26024.353515625,96.87094116210938,7.923949241638184,104.7949447631836,190.8489227294922,0.8148695826530457,0.3121670186519623,0.16897961497306824,0.03011990711092949,0.3830883204936981
26.425189971923828,54.52000045776367,1000.0,199.0,0.5540270805358887,0.0,10.0,1.0003008842468262,1.0003008842468262,1.0003008842468262,0.00030094385147094727,0.0,nan,0.443223774433136,4000000.0,-0.013642963953316212,-0.0009015249088406563,-5.531310964812519e-09,0.016155719757080078,-0.002114487811923027,2.6744251251220703,26130.171875,98.18109893798828,7.617552757263184,105.79869842529297,189.0382537841797,0.7405611872673035,0.29509207606315613,0.23948916792869568,0.036467667669057846,0.39847075939178467
26.61040687561035,52.31999969482422,1000.0,200.0,0.5543057918548584,0.0,10.0,0.9999001026153564,0.9999001026153564,0.9999001026153564,9.986758232116699e-05,0.0,nan,0.4433439373970032,4020000.0,-0.01202987227588892,0.0016130916774272919,7.629394338515283e-10,0.01929493062198162,0.0031392108649015427,2.6695687770843506,26235.783203125,97.63304901123047,7.95984411239624,105.59294891357422,189.40660095214844,0.8403422832489014,0.3133840262889862,0.15647943317890167,0.028321579098701477,0.372924268245697
26.834604263305664,54.63999938964844,1000.0,201.0,0.5546070337295532,0.0,10.0,0.9996157288551331,0.9996157288551331,0.9996157288551331,0.00038427114486694336,0.0,nan,0.44350743293762207,4040000.0,-0.012472921051084995,-0.00044304877519607544,-1.7166137400437265e-09,0.01774035580456257,-0.0015545748174190521,2.674582004547119,26340.064453125,96.58092498779297,7.681620121002197,104.26261138916016,191.8233642578125,0.8461741805076599,0.31279873847961426,0.19325774908065796,0.027932532131671906,0.3696622848510742
26.807687759399414,50.79999923706055,1000.0,202.0,0.5542999505996704,0.0,10.0,0.9999399781227112,0.9999399781227112,0.9999399781227112,6.002187728881836e-05,0.0,nan,0.4434630572795868,4060000.0,-0.011920899152755737,0.000552021898329258,-2.0980834847250662e-09,0.017473191022872925,-0.00026716478168964386,2.6519534587860107,26445.0546875,97.11127471923828,7.859200477600098,104.97052764892578,190.52967834472656,0.82945716381073,0.31349682807922363,0.16411781311035156,0.02906978875398636,0.3779541850090027
26.939102172851562,49.619998931884766,1000.0,203.0,0.5549641847610474,0.0,10.0,0.9999492764472961,0.9999492764472961,0.9999492764472961,5.072355270385742e-05,0.0,nan,0.4434751272201538,4080000.0,-0.01297785248607397,-0.0010569533333182335,4.482269222449986e-09,0.017477774992585182,4.583969712257385e-06,2.666921377182007,26555.431640625,102.64181518554688,7.715723037719727,110.35758972167969,181.2290496826172,0.783947765827179,0.2976880967617035,0.19280974566936493,0.03254285082221031,0.3797294795513153
27.043455123901367,46.959999084472656,1000.0,204.0,0.5529550313949585,0.0,10.0,0.9997986555099487,0.9997986555099487,0.9997986555099487,0.00020137429237365723,0.0,nan,0.4428953230381012,4100000.0,-0.013246248476207256,-0.0002683959901332855,-5.245208711812666e-10,0.017352402210235596,-0.0001253727823495865,2.6738295555114746,26663.19140625,100.40409088134766,7.325033187866211,107.72917938232422,185.65074157714844,0.7983006834983826,0.3046700656414032,0.2090495377779007,0.03138316795229912,0.3816482126712799
26.958131790161133,47.79999923706055,1000.0,205.0,0.5476599335670471,0.0,10.0,1.0003607273101807,1.0003607273101807,1.0003607273101807,0.00036066770553588867,0.0,nan,0.4412437975406647,4120000.0,-0.013201565481722355,4.468299448490143e-05,2.00271599304358e-09,0.01710997335612774,-0.00024242885410785675,2.6482746601104736,26774.095703125,102.94985961914062,7.937227249145508,110.88713836669922,180.36358642578125,0.779443085193634,0.3035261332988739,0.18682411313056946,0.03292009234428406,0.3894141912460327
27.006967544555664,50.02000045776367,1000.0,206.0,0.5464619994163513,0.0,10.0,1.0004711151123047,1.0004711151123047,1.0004711151123047,0.0004711151123046875,0.0,nan,0.4409938156604767,4140000.0,-0.012630442157387733,0.0005711233243346214,-6.771087690538025e-09,0.019234323874115944,0.002124350517988205,2.6597161293029785,26878.962890625,96.99494171142578,7.852390289306641,104.84738159179688,190.7534637451172,0.803068995475769,0.30276498198509216,0.1725829690694809,0.03101159818470478,0.37700992822647095
27.063884735107422,54.58000183105469,1000.0,207.0,0.5468063354492188,0.0,10.0,1.0000133514404297,1.0000133514404297,1.0000133514404297,1.33514404296875e-05,0.0,nan,0.44108396768569946,4160000.0,-0.012299452908337116,0.0003309892490506172,-1.4305114870438729e-09,0.017150813713669777,-0.002083510160446167,2.655712604522705,26983.3203125,96.38813781738281,7.949526786804199,104.33772277832031,191.68524169921875,0.7921745181083679,0.3051702678203583,0.23261122405529022,0.03187044709920883,0.3852311074733734
27.13982391357422,57.20000076293945,1000.0,208.0,0.5495792627334595,0.0,10.0,0.9998605251312256,0.9998605251312256,0.9998605251312256,0.00013950467109680176,0.0,nan,0.4421984851360321,4180000.0,-0.012267854064702988,3.159884363412857e-05,-5.340575981449547e-09,0.018682047724723816,0.001531234011054039,2.6496996879577637,27087.71484375,96.6607437133789,7.699455261230469,104.36024475097656,191.6438751220703,0.8276680707931519,0.3168046474456787,0.14129987359046936,0.029195602983236313,0.38276779651641846
26.753602981567383,60.099998474121094,1000.0,209.0,0.553011953830719,0.0,10.0,1.0004570484161377,1.0004570484161377,1.0004570484161377,0.0004571080207824707,0.0,nan,0.443534791469574,4200000.0,-0.012644321657717228,-0.00037646759301424026,-9.536742923144104e-11,0.016397835686802864,-0.002284212037920952,2.656694173812866,27192.162109375,96.59281921386719,7.835385322570801,104.42825317382812,191.51905822753906,0.8106072545051575,0.31112945079803467,0.19801178574562073,0.030437495559453964,0.3838227093219757
26.746932983398438,58.720001220703125,1000.0,210.0,0.5531829595565796,0.0,10.0,0.9998267889022827,0.9998267889022827,0.9998267889022827,0.00017318129539489746,0.0,nan,0.44407275319099426,4220000.0,-0.011739373207092285,0.0009049484506249428,-2.479553229406406e-09,0.01789996027946472,0.0015021245926618576,2.6690220832824707,27297.619140625,97.3782958984375,8.059374809265137,105.43772888183594,189.68544006347656,0.8653640151023865,0.3014877438545227,0.23109610378742218,0.02670743688941002,0.3483940362930298
26.8858699798584,57.84000015258789,1000.0,211.0,0.5547828674316406,0.0,10.0,0.9998476505279541,0.9998476505279541,0.9998476505279541,0.00015237927436828613,0.0,nan,0.4459684193134308,4240000.0,-0.012242267839610577,-0.0005028946325182915,-1.7642974858844696e-09,0.017103854566812515,-0.0007961057126522064,2.655470609664917,27402.451171875,97.04106140136719,7.772217273712158,104.81333923339844,190.8154296875,0.7979055047035217,0.30572351813316345,0.24127741158008575,0.03141426667571068,0.38315755128860474
26.88665008544922,55.400001525878906,1000.0,212.0,0.55495285987854,0.0,10.0,1.0003832578659058,1.0003832578659058,1.0003832578659058,0.0003832578659057617,0.0,nan,0.44686880707740784,4260000.0,-0.012373335659503937,-0.00013106781989336014,-1.1444092340440193e-09,0.01752227172255516,0.00041841715574264526,2.6778037548065186,27508.0703125,97.62923431396484,7.97149133682251,105.60078430175781,189.39254760742188,0.8219068050384521,0.3179422914981842,0.1607285588979721,0.02960633486509323,0.38683512806892395
26.724876403808594,54.459999084472656,1000.0,213.0,0.5524226427078247,0.0,10.0,0.9996680021286011,0.9996680021286011,0.9996680021286011,0.0003320276737213135,0.0,nan,0.4458226263523102,4280000.0,-0.012421744875609875,-4.840921610593796e-05,-7.057189943537878e-09,0.01762685552239418,0.00010458379983901978,2.6759209632873535,27613.404296875,97.38860321044922,7.926201820373535,105.31485748291016,189.90675354003906,0.8204005360603333,0.3093457520008087,0.16890811920166016,0.029715154320001602,0.37706679105758667
26.848278045654297,50.7599983215332,1000.0,214.0,0.5476350784301758,0.0,10.0,0.9999431371688843,0.9999431371688843,0.9999431371688843,5.6833036069292575e-05,0.0,nan,0.4434340298175812,4300000.0,-0.01207698043435812,0.00034476444125175476,-4.768371808516747e-10,0.01789684221148491,0.00026998668909072876,2.6844451427459717,27722.78515625,101.77881622314453,7.584776878356934,109.3636474609375,182.8761444091797,0.8324809670448303,0.2982332408428192,0.19510631263256073,0.02885899692773819,0.3582463264465332
26.734691619873047,48.31999969482422,1000.0,215.0,0.5427850484848022,0.0,10.0,1.000596523284912,1.000596523284912,1.000596523284912,0.000596463680267334,0.0,nan,0.44092726707458496,4320000.0,-0.012899436987936497,-0.0008224565535783768,-1.4305114870438729e-09,0.019772296771407127,0.0018754545599222183,2.674910545349121,27832.29296875,101.69032287597656,7.798491477966309,109.48886108398438,182.6669921875,0.7902292013168335,0.30986881256103516,0.20900896191596985,0.03202754631638527,0.3921252191066742
27.086654663085938,50.0,1000.0,216.0,0.5387681722640991,0.0,10.0,0.9999734163284302,0.9999734163284302,0.9999734163284302,2.6613490263116546e-05,0.0,nan,0.43897056579589844,4340000.0,-0.012694618664681911,0.00020481832325458527,-3.6239624634504253e-09,0.020056618377566338,0.0002843216061592102,2.6863529682159424,27941.712890625,101.53816223144531,7.862072467803955,109.40028381347656,182.8148956298828,0.7970886826515198,0.29350295662879944,0.1787032186985016,0.03147868439555168,0.36821866035461426
27.08684730529785,55.08000183105469,1000.0,217.0,0.5368880033493042,0.0,10.0,1.0003046989440918,1.0003046989440918,1.0003046989440918,0.0003046393394470215,0.0,nan,0.4381031095981598,4360000.0,-0.012230253778398037,0.0004643648862838745,8.01086397217432e-09,0.017697274684906006,-0.0023593436926603317,2.6927294731140137,28050.8125,101.54776000976562,7.534679889678955,109.0824966430664,183.3474884033203,0.8410823345184326,0.31287088990211487,0.14002403616905212,0.028271757066249847,0.3719860315322876
26.912025451660156,57.279998779296875,1000.0,218.0,0.5377100110054016,0.0,10.0,0.9996413588523865,0.9996413588523865,0.9996413588523865,0.0003586411476135254,0.0,nan,0.43838757276535034,4380000.0,-0.012059224769473076,0.0001710290089249611,-4.00543198608716e-09,0.019490204751491547,0.0017929300665855408,2.6950838565826416,28159.419921875,101.03070831298828,7.5572052001953125,108.58795928955078,184.1824951171875,0.8112391829490662,0.30679571628570557,0.22358591854572296,0.030390091240406036,0.378181517124176
26.705469131469727,48.119998931884766,1000.0,219.0,0.5367705821990967,0.0,10.0,1.000580906867981,1.000580906867981,1.000580906867981,0.000580906867980957,0.0,nan,0.43793898820877075,4400000.0,-0.011524312198162079,0.000534912571310997,-1.7166137400437265e-09,0.018607068806886673,-0.0008831359446048737,2.6747069358825684,28270.18359375,103.052734375,7.674736022949219,110.72752380371094,180.6235809326172,0.8419632315635681,0.319857656955719,0.18883012235164642,0.02821263112127781,0.37989506125450134
26.847707748413086,46.619998931884766,1000.0,220.0,0.5363485217094421,0.0,10.0,1.0002493858337402,1.0002493858337402,1.0002493858337402,0.0002493858337402344,0.0,nan,0.43755048513412476,4420000.0,-0.012890157289803028,-0.0013658450916409492,4.00543198608716e-09,0.02007063291966915,0.0014635641127824783,2.6718766689300537,28376.5859375,98.51973724365234,7.8616790771484375,106.38146209716797,188.002685546875,0.7966471314430237,0.30866649746894836,0.1802397072315216,0.03151358664035797,0.3874569237232208
26.65802574157715,45.2599983215332,1000.0,221.0,0.5334641933441162,0.0,10.0,1.000236988067627,1.000236988067627,1.000236988067627,0.00023698806762695312,0.0,nan,0.43600356578826904,4440000.0,-0.011863550171256065,0.0010266071185469627,-3.2424927187690855e-09,0.017399080097675323,-0.002671552821993828,2.656121015548706,28482.685546875,98.5843734741211,7.4966630935668945,106.08108520507812,188.53504943847656,0.8326277732849121,0.3155063986778259,0.1552397906780243,0.028848819434642792,0.37892842292785645
26.655759811401367,49.34000015258789,1000.0,222.0,0.5285443067550659,0.0,10.0,1.0002224445343018,1.0002224445343018,1.0002224445343018,0.00022238494420889765,0.0,nan,0.43389004468917847,4460000.0,-0.012984261848032475,-0.0011207116767764091,1.0967254882032762e-09,0.020273679867386818,0.0028745997697114944,2.641900062561035,28589.33203125,98.97001647949219,7.657823085784912,106.62789916992188,187.5681915283203,0.7576102018356323,0.30365681648254395,0.22861993312835693,0.03484481945633888,0.40080878138542175
26.770647048950195,53.65999984741211,1000.0,223.0,0.5268107652664185,0.0,10.0,1.0000885725021362,1.0000885725021362,1.0000885725021362,8.857250213623047e-05,0.0,nan,0.4331797957420349,4480000.0,-0.013104983605444431,-0.00012072175741195679,-3.910064716450279e-09,0.018175465986132622,-0.002098213881254196,2.664609670639038,28700.0859375,103.14494323730469,7.572309494018555,110.7173080444336,180.64024353027344,0.7666257619857788,0.3123877942562103,0.19145838916301727,0.034030087292194366,0.40748411417007446
26.9769229888916,52.70000076293945,1000.0,224.0,0.5265036821365356,0.0,10.0,0.998774528503418,0.998774528503418,0.998774528503418,0.001225501298904419,0.0,nan,0.43247053027153015,4500000.0,-0.01318015530705452,-7.517170161008835e-05,1.3351439953623867e-09,0.019027018919587135,0.0008515529334545135,2.682110071182251,28805.87890625,98.08193969726562,7.693091869354248,105.77510070800781,189.08042907714844,0.7596284747123718,0.30604150891304016,0.19139105081558228,0.03465990722179413,0.4028831720352173
26.9410343170166,53.779998779296875,1000.0,225.0,0.5239763259887695,0.0,10.0,1.0005316734313965,1.0005316734313965,1.0005316734313965,0.0005317330360412598,0.0,nan,0.43102115392684937,4520000.0,-0.01141513790935278,0.0017650173977017403,-1.1444092340440193e-09,0.01764759048819542,-0.001379428431391716,2.7129547595977783,28911.513671875,97.86698913574219,7.749823570251465,105.61685943603516,189.3637237548828,0.8755497932434082,0.31990447640419006,0.1544613391160965,0.02608964592218399,0.3653756082057953
26.76021957397461,44.720001220703125,1000.0,226.0,0.5197815895080566,0.0,10.0,1.0000932216644287,1.0000932216644287,1.0000932216644287,9.328129090135917e-05,0.0,nan,0.4297286570072174,4540000.0,-0.014521390199661255,-0.0031062522903084755,5.245208711812666e-10,0.01671801321208477,-0.0009295772761106491,2.6861815452575684,29022.05078125,102.72314453125,7.796206951141357,110.5194091796875,180.9636993408203,0.6969541311264038,0.30166420340538025,0.21095168590545654,0.04117385298013687,0.43283209204673767
26.660202026367188,51.0,1000.0,227.0,0.5182265043258667,0.0,10.0,1.0004255771636963,1.0004255771636963,1.0004255771636963,0.00042551755905151367,0.0,nan,0.4293411374092102,4560000.0,-0.013583055697381496,0.0009383345022797585,-7.629394338515283e-10,0.017007797956466675,0.0002897847443819046,2.679652452468872,29129.01953125,98.98723602294922,7.961882591247559,106.94917297363281,187.00473022460938,0.7376292943954468,0.29581418633461,0.27266213297843933,0.03675813972949982,0.4010336697101593
26.791234970092773,52.279998779296875,1000.0,228.0,0.5197932720184326,0.0,10.0,1.0011165142059326,1.0011165142059326,1.0011165142059326,0.0011165738105773926,0.0,nan,0.4298453629016876,4580000.0,-0.013299785554409027,0.00028327014297246933,5.7220459481754915e-09,0.01738537661731243,0.00037757866084575653,2.6533093452453613,29235.59765625,99.0484619140625,7.492276191711426,106.54078674316406,187.72154235839844,0.7505849003791809,0.3141392767429352,0.19441388547420502,0.03550014644861221,0.41852590441703796
26.94961166381836,50.040000915527344,1000.0,229.0,0.51890629529953,0.0,10.0,1.000203251838684,1.000203251838684,1.000203251838684,0.00020325183868408203,0.0,nan,0.4295405149459839,4600000.0,-0.012742207385599613,0.0005575781688094139,-2.1934509764065524e-09,0.018269330263137817,0.000883953645825386,2.6735920906066895,29341.888671875,98.21418762207031,8.060405731201172,106.27464294433594,188.19166564941406,0.7742955684661865,0.31301775574684143,0.18326619267463684,0.03335925191640854,0.4042613208293915
27.001014709472656,52.220001220703125,1000.0,230.0,0.5169496536254883,0.0,10.0,0.9998592734336853,0.9998592734336853,0.9998592734336853,0.00014072656631469727,0.0,nan,0.4288550019264221,4620000.0,-0.013538752682507038,-0.0007965452969074249,4.00543198608716e-09,0.019445545971393585,0.0011762157082557678,2.671323537826538,29446.869140625,97.2545394897461,7.706548690795898,104.96114349365234,190.54672241210938,0.750638484954834,0.30678433179855347,0.1981441229581833,0.035495080053806305,0.40869784355163574
26.891836166381836,56.63999938964844,1000.0,231.0,0.5170748233795166,0.0,10.0,0.9996389150619507,0.9996389150619507,0.9996389150619507,0.0003610849380493164,0.0,nan,0.4287777245044708,4640000.0,-0.014568011276423931,-0.001029258593916893,5.722046170220096e-10,0.016651201993227005,-0.00279434397816658,2.6817030906677246,29551.572265625,97.18030548095703,7.504645347595215,104.68499755859375,191.0493621826172,0.7299160361289978,0.29862648248672485,0.21760313212871552,0.03753912076354027,0.40912437438964844
26.890941619873047,53.599998474121094,1000.0,232.0,0.5176641345024109,0.0,10.0,1.0006283521652222,1.0006283521652222,1.0006283521652222,0.000628352165222168,0.0,nan,0.4284484386444092,4660000.0,-0.01465577445924282,-8.776318281888962e-05,3.337859988405967e-10,0.01784243807196617,0.0011912360787391663,2.688232660293579,29663.158203125,103.69197845458984,7.875720024108887,111.56776428222656,179.26327514648438,0.7212453484535217,0.30766648054122925,0.1950080841779709,0.038447123020887375,0.42657673358917236
26.886838912963867,48.58000183105469,1000.0,233.0,0.5176757574081421,0.0,10.0,0.9991576075553894,0.9991576075553894,0.9991576075553894,0.0008423924446105957,0.0,nan,0.42821455001831055,4680000.0,-0.012090926989912987,0.002564847469329834,2.2888184680880386e-09,0.01870357058942318,0.0008611325174570084,2.685588836669922,29775.953125,104.9262924194336,7.848945617675781,112.7752914428711,177.3438262939453,0.8137656450271606,0.30757442116737366,0.19583378732204437,0.030201684683561325,0.3779642581939697
26.799020767211914,53.779998779296875,1000.0,234.0,0.5202136039733887,0.0,10.0,1.000675916671753,1.000675916671753,1.000675916671753,0.0006759166717529297,0.0,nan,0.429193377494812,4700000.0,-0.014207376167178154,-0.0021164491772651672,1.907348723406699e-09,0.01944863423705101,0.0007450636476278305,2.6861178874969482,29887.083984375,103.2480697631836,7.864230155944824,111.11235046386719,179.9980010986328,0.7405521273612976,0.3019125759601593,0.25824207067489624,0.03646855801343918,0.4076857566833496
26.777809143066406,59.060001373291016,1000.0,235.0,0.5198506116867065,0.0,10.0,1.000172734260559,1.000172734260559,1.000172734260559,0.00017273426055908203,0.0,nan,0.4288369417190552,4720000.0,-0.01235920749604702,0.001848168671131134,3.3378602104505717e-09,0.016707854345440865,-0.0027407798916101456,2.7075109481811523,29992.654296875,97.62439727783203,7.928851127624512,105.55329895019531,189.47775268554688,0.7881608009338379,0.3090541660785675,0.19091659784317017,0.03219586983323097,0.3921208083629608
26.671144485473633,62.459999084472656,1000.0,236.0,0.5171655416488647,0.0,10.0,1.001054048538208,1.001054048538208,1.001054048538208,0.0010539889335632324,0.0,nan,0.42759841680526733,4740000.0,-0.014442570507526398,-0.0020833630114793777,-5.340575981449547e-09,0.017361851409077644,0.0006539970636367798,2.694242000579834,30099.65625,99.1217041015625,7.860935211181641,106.9826889038086,186.94613647460938,0.7614201903343201,0.3105313181877136,0.20163367688655853,0.0344969779253006,0.40783169865608215
26.677387237548828,60.2599983215332,1000.0,237.0,0.5172955989837646,0.0,10.0,1.0008957386016846,1.0008957386016846,1.0008957386016846,0.0008957386016845703,0.0,nan,0.4272361397743225,4760000.0,-0.012292599305510521,0.0021499712020158768,-2.7656554824062596e-09,0.018176883459091187,0.0008150320500135422,2.676287889480591,30211.810546875,104.3125228881836,7.823561668395996,112.13613891601562,178.35464477539062,0.7906309962272644,0.3144991397857666,0.22722306847572327,0.031995002180337906,0.3977825343608856
26.60460662841797,60.5,1000.0,238.0,0.5171781778335571,0.0,10.0,1.0006442070007324,1.0006442070007324,1.0006442070007324,0.0006442666053771973,0.0,nan,0.42719873785972595,4780000.0,-0.013215542770922184,-0.0009229434654116631,4.386901952813105e-09,0.017124392092227936,-0.0010524913668632507,2.688815116882324,30323.927734375,104.33641815185547,7.761425971984863,112.097900390625,178.41549682617188,0.7561967968940735,0.29867714643478394,0.1910506784915924,0.03497520089149475,0.3949727416038513
26.874380111694336,56.68000030517578,1000.0,239.0,0.5190454125404358,0.0,10.0,0.9992552995681763,0.9992552995681763,0.9992552995681763,0.0007447302341461182,0.0,nan,0.42838454246520996,4800000.0,-0.013146662153303623,6.888061761856079e-05,-2.336502102906479e-09,0.018579358235001564,0.0014549661427736282,2.694756269454956,30435.82421875,104.20934295654297,7.649932861328125,111.85932922363281,178.79600524902344,0.8117831945419312,0.2938772141933441,0.22578729689121246,0.030349373817443848,0.3620142936706543
26.968305587768555,53.34000015258789,1000.0,240.0,0.5183838605880737,0.0,10.0,1.0007550716400146,1.0007550716400146,1.0007550716400146,0.0007551311864517629,0.0,nan,0.4285387396812439,4820000.0,-0.01301518827676773,0.0001314738765358925,-2.6702879907247734e-09,0.01795179210603237,-0.0006275661289691925,2.6869280338287354,30547.2109375,103.64409637451172,7.7058563232421875,111.35000610351562,179.6138458251953,0.783688485622406,0.3065159320831299,0.29284846782684326,0.03256438672542572,0.39111968874931335
26.881542205810547,52.65999984741211,1000.0,241.0,0.5172975063323975,0.0,10.0,0.9998295903205872,0.9998295903205872,0.9998295903205872,0.0001704096794128418,0.0,nan,0.42851877212524414,4840000.0,-0.013973020948469639,-0.0009578326717019081,2.7656554824062596e-09,0.017296619713306427,-0.0006551723927259445,2.6903953552246094,30653.2265625,98.25959014892578,7.736954689025879,105.9966049194336,188.685302734375,0.738756537437439,0.3121143877506256,0.1842101812362671,0.036646053194999695,0.4224860668182373
26.798192977905273,47.939998626708984,1000.0,242.0,0.5218650698661804,0.0,10.0,0.9999512434005737,0.9999512434005737,0.9999512434005737,4.878640902461484e-05,0.0,nan,0.43040600419044495,4860000.0,-0.014561241492629051,-0.0005882205441594124,4.339218317994664e-09,0.01803497038781643,0.0007383506745100021,2.6672306060791016,30764.771484375,103.7365493774414,7.776303291320801,111.51290893554688,179.3514404296875,0.7204835414886475,0.2984265685081482,0.22721749544143677,0.03852846473455429,0.4142032563686371
26.474817276000977,59.119998931884766,1000.0,243.0,0.523991584777832,0.0,10.0,1.0009628534317017,1.0009628534317017,1.0009628534317017,0.0009628534317016602,0.0,nan,0.43134811520576477,4880000.0,-0.012858095578849316,0.0017031459137797356,-6.580352707175052e-09,0.018302585929632187,0.00026761554181575775,2.657561779022217,30877.0625,104.36817169189453,7.903811454772949,112.27204132080078,178.1387481689453,0.8070972561836243,0.30052903294563293,0.17973211407661438,0.030702807009220123,0.3723579943180084
26.529560089111328,66.12000274658203,1000.0,244.0,0.5226578712463379,0.0,10.0,1.0003316402435303,1.0003316402435303,1.0003316402435303,0.00033164024353027344,0.0,nan,0.4310423731803894,4900000.0,-0.01330453623086214,-0.000446440652012825,2.00271599304358e-09,0.017989574000239372,-0.00031301192939281464,2.659710645675659,30985.40625,100.60334014892578,7.722020149230957,108.3254165649414,184.62889099121094,0.7680185437202454,0.3015769422054291,0.20913444459438324,0.03390676900744438,0.39266884326934814
26.87570571899414,54.18000030517578,1000.0,245.0,0.5198392868041992,0.0,10.0,1.0014047622680664,1.0014047622680664,1.0014047622680664,0.0014048217562958598,0.0,nan,0.42927271127700806,4920000.0,-0.013377790339291096,-7.325410842895508e-05,7.2479249269008506e-09,0.018130870535969734,0.00014129653573036194,2.6752254962921143,31092.759765625,99.68372344970703,7.652276039123535,107.33605194091797,186.33070373535156,0.8056800961494446,0.3021322786808014,0.15245041251182556,0.030810914933681488,0.37500280141830444
26.731149673461914,56.84000015258789,1000.0,246.0,0.5169177055358887,0.0,10.0,1.000738263130188,1.000738263130188,1.000738263130188,0.0007382631301879883,0.0,nan,0.42705193161964417,4940000.0,-0.012413465417921543,0.0009643249213695526,3.2424927187690855e-09,0.016594070941209793,-0.001536799594759941,2.650979995727539,31200.279296875,99.69955444335938,7.8021392822265625,107.50176239013672,186.04348754882812,0.8148267865180969,0.31044989824295044,0.15902774035930634,0.030123066157102585,0.3810011148452759
26.995302200317383,53.29999923706055,1000.0,247.0,0.5165835618972778,0.0,10.0,1.0000534057617188,1.0000534057617188,1.0000534057617188,5.334618981578387e-05,0.0,nan,0.42661699652671814,4960000.0,-0.01438071858137846,-0.001967253163456917,5.2452087118126656e-09,0.016658764332532883,6.46933913230896e-05,2.6841018199920654,31307.16796875,99.07383728027344,7.793465614318848,106.86735534667969,187.1479034423828,0.7371209859848022,0.3088770806789398,0.16567778587341309,0.03680885583162308,0.41903162002563477
26.89218521118164,46.41999816894531,1000.0,248.0,0.5165910124778748,0.0,10.0,1.0011684894561768,1.0011684894561768,1.0011684894561768,0.0011685490608215332,0.0,nan,0.4270794987678528,4980000.0,-0.012653131037950516,0.0017275875434279442,-1.1444092340440193e-09,0.017386211082339287,0.0007274467498064041,2.6944234371185303,31412.853515625,97.80455780029297,7.862751483917236,105.6673583984375,189.27322387695312,0.8107282519340515,0.3137914538383484,0.1687208116054535,0.030428405851125717,0.3870488703250885
26.8282413482666,51.099998474121094,1000.0,249.0,0.5158964991569519,0.0,10.0,1.0003838539123535,1.0003838539123535,1.0003838539123535,0.00038379430770874023,0.0,nan,0.42737871408462524,5000000.0,-0.014221998862922192,-0.0015688678249716759,-3.433227480087453e-09,0.017581753432750702,0.0001955423504114151,2.690906047821045,31519.458984375,98.73311614990234,7.853558540344238,106.58673858642578,187.640625,0.7266438007354736,0.29918262362480164,0.20100939273834229,0.037877973169088364,0.4117319881916046
26.776227951049805,54.900001525878906,1000.0,250.0,0.5130993723869324,0.0,10.0,0.9999940395355225,0.9999940395355225,0.9999940395355225,5.9604644775390625e-06,0.0,nan,0.42694729566574097,5020000.0,-0.01260845735669136,0.0016135415062308311,-1.7166137400437265e-09,0.01873653382062912,0.001154780387878418,2.689627170562744,31626.6953125,99.37738800048828,7.842416763305664,107.21985626220703,186.5326385498047,0.8217794299125671,0.3045133650302887,0.19588829576969147,0.02961551770567894,0.3705536127090454
26.8964900970459,58.040000915527344,1000.0,251.0,0.5102842450141907,0.0,10.0,0.999004065990448,0.999004065990448,0.999004065990448,0.000995934009552002,0.0,nan,0.4264107644557953,5040000.0,-0.011944202706217766,0.0006642546504735947,7.2479249269008506e-09,0.021572988480329514,0.0028364546597003937,2.6994199752807617,31732.37109375,97.86572265625,7.7883076667785645,105.65408325195312,189.2969970703125,0.8326489925384521,0.3213560879230499,0.16900786757469177,0.02884734980762005,0.3859442472457886
27.011005401611328,52.47999954223633,1000.0,252.0,0.5078322887420654,0.0,10.0,1.000426173210144,1.000426173210144,1.000426173210144,0.00042617321014404297,0.0,nan,0.42563897371292114,5060000.0,-0.013059514574706554,-0.0011153118684887886,-1.0490417423625331e-09,0.019166450947523117,-0.0024065375328063965,2.703418493270874,31842.53125,101.90442657470703,8.236820220947266,110.14129638671875,181.58494567871094,0.7797334790229797,0.2958314120769501,0.22175733745098114,0.03289557620882988,0.37940073013305664
27.00756072998047,54.7599983215332,1000.0,253.0,0.5041533708572388,0.0,10.0,1.0003902912139893,1.0003902912139893,1.0003902912139893,0.0003902912139892578,0.0,nan,0.424138605594635,5080000.0,-0.013004055246710777,5.545932799577713e-05,4.768371808516747e-10,0.0174325592815876,-0.0017338916659355164,2.7025258541107178,31953.130859375,102.23819732666016,8.324417114257812,110.56267547607422,180.89288330078125,0.7581862807273865,0.30408841371536255,0.2120385617017746,0.03479188680648804,0.40107348561286926
26.759267807006836,52.060001373291016,1000.0,254.0,0.4981711506843567,0.0,10.0,0.9995686411857605,0.9995686411857605,0.9995686411857605,0.00043135881423950195,0.0,nan,0.42146146297454834,5100000.0,-0.012752620503306389,0.00025143474340438843,1.1062621929625038e-08,0.016628088429570198,-0.0008044708520174026,2.712775707244873,32063.666015625,102.09004211425781,8.410299301147461,110.50039672851562,180.99484252929688,0.7489808201789856,0.3050815463066101,0.1576872617006302,0.03565237671136856,0.4073289930820465
26.489553451538086,48.0,1000.0,255.0,0.49405479431152344,0.0,10.0,1.000226378440857,1.000226378440857,1.000226378440857,0.0002263784408569336,0.0,nan,0.4191439151763916,5120000.0,-0.012797703966498375,-4.5083463191986084e-05,1.907348723406699e-09,0.017706509679555893,0.0010784212499856949,2.680109977722168,32174.177734375,102.38578796386719,8.10525131225586,110.49109649658203,181.0100860595703,0.7462416291236877,0.3045883774757385,0.20000234246253967,0.0359145849943161,0.4081632196903229
26.616592407226562,57.880001068115234,1000.0,256.0,0.4932423233985901,0.0,10.0,1.0003268718719482,1.0003268718719482,1.0003268718719482,0.0003269314765930176,0.0,nan,0.41857534646987915,5140000.0,-0.014625726267695427,-0.001828022301197052,2.479553229406406e-09,0.018908698111772537,0.0012021884322166443,2.6925933361053467,32281.73046875,99.5955810546875,7.939375877380371,107.53501892089844,185.98594665527344,0.6990531086921692,0.29910871386528015,0.23146595060825348,0.040926963090896606,0.4278770983219147
26.795974731445312,59.7400016784668,1000.0,257.0,0.4901553988456726,0.0,10.0,1.0000609159469604,1.0000609159469604,1.0000609159469604,6.091594696044922e-05,0.0,nan,0.4177597463130951,5160000.0,-0.012858740985393524,0.0017669852823019028,-3.0994415922691587e-09,0.01834951899945736,-0.0005591791123151779,2.69895601272583,32388.482421875,98.79084777832031,7.923166275024414,106.7140884399414,187.4167022705078,0.7881887555122375,0.3177359700202942,0.16749727725982666,0.032193586230278015,0.4031217396259308
27.149219512939453,55.7599983215332,1000.0,258.0,0.4893805980682373,0.0,10.0,1.0007107257843018,1.0007107257843018,1.0007107257843018,0.0007106661214493215,0.0,nan,0.4177163243293762,5180000.0,-0.012259109877049923,0.0005996311083436012,-2.6702879907247734e-09,0.019442392513155937,0.0010928735136985779,2.6924221515655518,32495.45703125,99.28868103027344,7.668252944946289,106.95698547363281,186.99107360839844,0.8295994400978088,0.31786012649536133,0.15530450642108917,0.029059821739792824,0.3831489682197571
27.20254135131836,49.68000030517578,1000.0,259.0,0.490328848361969,0.0,10.0,0.9992327094078064,0.9992327094078064,0.9992327094078064,0.0007672905921936035,0.0,nan,0.41797465085983276,5200000.0,-0.013286993838846684,-0.0010278839617967606,-2.479553229406406e-09,0.018334778025746346,-0.0011076144874095917,2.712092399597168,32602.2890625,99.03223419189453,7.7818427085876465,106.81412506103516,187.2411651611328,0.7627149224281311,0.30547234416007996,0.20340228080749512,0.03437995910644531,0.40050652623176575
27.16861343383789,56.880001068115234,1000.0,260.0,0.48525768518447876,0.0,10.0,1.0002954006195068,1.0002954006195068,1.0002954006195068,0.00029540061950683594,0.0,nan,0.41567373275756836,5220000.0,-0.012204401195049286,0.0010825926437973976,-1.7166137400437265e-09,0.01780685782432556,-0.000527920201420784,2.7176074981689453,32709.013671875,98.87777709960938,7.82804536819458,106.70588684082031,187.4311065673828,0.7887837886810303,0.3055955767631531,0.19932162761688232,0.03214503452181816,0.3874262869358063
26.92941665649414,59.68000030517578,1000.0,261.0,0.47944891452789307,0.0,10.0,0.9998900294303894,0.9998900294303894,0.9998900294303894,0.0001099705696105957,0.0,nan,0.41304561495780945,5240000.0,-0.012662997469305992,-0.00045859627425670624,5.149841442175784e-09,0.017428966239094734,-0.00037789158523082733,2.71207857131958,32816.25,99.42280578613281,7.77957010269165,107.22042083740234,186.5316925048828,0.812163233757019,0.3024679720401764,0.23249125480651855,0.03032097779214382,0.37242260575294495
27.050809860229492,57.0,1000.0,262.0,0.48017579317092896,0.0,10.0,0.9998894929885864,0.9998894929885864,0.9998894929885864,0.00011053682101191953,0.0,nan,0.4129059314727783,5260000.0,-0.01335457619279623,-0.0006915787234902382,1.3828277412031298e-09,0.01909956894814968,0.001670602709054947,2.7233364582061768,32923.48046875,99.41596221923828,7.794808387756348,107.21083068847656,186.54833984375,0.7681950926780701,0.3034527897834778,0.17834825813770294,0.033891189843416214,0.3950204849243164
27.06998062133789,57.439998626708984,1000.0,263.0,0.4821794033050537,0.0,10.0,0.9996365308761597,0.9996365308761597,0.9996365308761597,0.00036346912384033203,0.0,nan,0.41371482610702515,5280000.0,-0.013841571286320686,-0.000486995093524456,-6.294250454175199e-09,0.019781608134508133,0.0006820391863584518,2.727020025253296,33033.80859375,102.23551940917969,8.074846267700195,110.3104248046875,181.30654907226562,0.7178565859794617,0.3013741374015808,0.22803933918476105,0.03881096839904785,0.41982510685920715
27.206632614135742,49.41999816894531,1000.0,264.0,0.4812788963317871,0.0,10.0,0.9995038509368896,0.9995038509368896,0.9995038509368896,0.0004961788654327393,0.0,nan,0.41356563568115234,5300000.0,-0.013496839441359043,0.0003447318449616432,1.0967254882032762e-09,0.017647884786128998,-0.002133723348379135,2.7316904067993164,33140.00390625,98.56966400146484,7.609488010406494,106.17919921875,188.36082458496094,0.7600933313369751,0.3069887161254883,0.21067509055137634,0.03461752086877823,0.4038829803466797
26.915355682373047,55.02000045776367,1000.0,265.0,0.4822743535041809,0.0,10.0,1.0015153884887695,1.0015153884887695,1.0015153884887695,0.0015154479769989848,0.0,nan,0.4138469696044922,5320000.0,-0.013294610194861889,0.00020222924649715424,-1.907348723406699e-09,0.016455471515655518,-0.0011924132704734802,2.7126734256744385,33245.671875,97.64886474609375,7.999889373779297,105.64881134033203,189.30645751953125,0.7610611319541931,0.3115484416484833,0.19137011468410492,0.034529536962509155,0.4093606472015381
26.685470581054688,56.099998474121094,1000.0,266.0,0.4806903302669525,0.0,10.0,1.0000061988830566,1.0000061988830566,1.0000061988830566,6.258771463762969e-06,0.0,nan,0.4128395915031433,5340000.0,-0.012987932190299034,0.00030667800456285477,3.051757735406113e-09,0.018869996070861816,0.002414524555206299,2.7161331176757812,33356.2109375,102.60496520996094,7.916714668273926,110.521728515625,180.95989990234375,0.7599753737449646,0.3060077726840973,0.19539271295070648,0.03462827205657959,0.4026547968387604
26.690204620361328,59.13999938964844,1000.0,267.0,0.47433656454086304,0.0,10.0,0.9995242357254028,0.9995242357254028,0.9995242357254028,0.0004757344722747803,0.0,nan,0.4100208878517151,5360000.0,-0.013161886483430862,-0.0001739542931318283,1.239776614703203e-09,0.01825588382780552,-0.0006141122430562973,2.7140555381774902,33461.9765625,98.0558090209961,7.690002918243408,105.74586486816406,189.13270568847656,0.7553715109825134,0.3067965805530548,0.1965881586074829,0.03505166247487068,0.40615326166152954
26.762388229370117,61.41999816894531,1000.0,268.0,0.4724503457546234,0.0,10.0,1.000838279724121,1.000838279724121,1.000838279724121,0.0008382797241210938,0.0,nan,0.4091664254665375,5380000.0,-0.013459134846925735,-0.00029724836349487305,2.241134611224993e-09,0.016601011157035828,-0.0016548726707696915,2.70870304107666,33567.32421875,97.5877685546875,7.74267578125,105.33049774169922,189.8785400390625,0.7747383117675781,0.30103230476379395,0.22647637128829956,0.033321134746074677,0.3885599672794342
26.831279754638672,64.27999877929688,1000.0,269.0,0.4721701145172119,0.0,10.0,1.000424861907959,1.000424861907959,1.000424861907959,0.00042492151260375977,0.0,nan,0.4090160131454468,5400000.0,-0.01325937733054161,0.00019975751638412476,1.9073485846288207e-10,0.01970789022743702,0.0031068790704011917,2.713817596435547,33673.1328125,97.9923324584961,7.777932167053223,105.77031707763672,189.08897399902344,0.7479375600814819,0.30989357829093933,0.20040442049503326,0.03575190156698227,0.41433078050613403
27.021818161010742,66.23999786376953,1000.0,270.0,0.4702061414718628,0.0,10.0,1.0002739429473877,1.0002739429473877,1.0002739429473877,0.0002739429473876953,0.0,nan,0.4082384407520294,5420000.0,-0.015139741823077202,-0.0018803644925355911,1.907348723406699e-09,0.019685965031385422,-2.1925196051597595e-05,2.6896066665649414,33778.49609375,97.46581268310547,7.867701530456543,105.33356475830078,189.87301635742188,0.7005369663238525,0.303568035364151,0.25452297925949097,0.040753766894340515,0.4333362877368927
27.110157012939453,62.040000915527344,1000.0,271.0,0.46761006116867065,0.0,10.0,1.0007063150405884,1.0007063150405884,1.0007063150405884,0.0007063150405883789,0.0,nan,0.40710505843162537,5440000.0,-0.013231663964688778,0.001908077858388424,-9.536743617033494e-10,0.01872754469513893,-0.0009584203362464905,2.6937878131866455,33883.20703125,96.88960266113281,7.8046793937683105,104.6943359375,191.03231811523438,0.7642402052879333,0.31534096598625183,0.14856664836406708,0.034242864698171616,0.4126201868057251
27.013044357299805,57.81999969482422,1000.0,272.0,0.46819353103637695,0.0,10.0,1.0016204118728638,1.0016204118728638,1.0016204118728638,0.0016204118728637695,0.0,nan,0.4073576033115387,5460000.0,-0.01435509417206049,-0.0011234302073717117,-2.6702879907247734e-09,0.018427472561597824,-0.0003000721335411072,2.715590000152588,33989.89453125,98.89019012451172,7.779878616333008,106.67012023925781,187.4939422607422,0.7371525168418884,0.30669039487838745,0.19555559754371643,0.03680570423603058,0.4160473644733429
26.889781951904297,61.619998931884766,1000.0,273.0,0.46816590428352356,0.0,10.0,1.0002691745758057,1.0002691745758057,1.0002691745758057,0.00026923418045043945,0.0,nan,0.40747004747390747,5480000.0,-0.013713986612856388,0.0006411075592041016,5.722046170220096e-10,0.01786448247730732,-0.0005629900842905045,2.7009007930755615,34094.72265625,97.25482940673828,7.556396484375,104.811279296875,190.81918334960938,0.7193149924278259,0.3001044988632202,0.20989558100700378,0.038653746247291565,0.4172086715698242
26.71795082092285,57.36000061035156,1000.0,274.0,0.4630546271800995,0.0,10.0,1.0003445148468018,1.0003445148468018,1.0003445148468018,0.0003445148468017578,0.0,nan,0.4051404297351837,5500000.0,-0.0130948256701231,0.0006191609427332878,-3.8146971692576415e-10,0.016356127336621284,-0.0015083551406860352,2.6834588050842285,34198.3984375,95.86236572265625,7.778360366821289,103.6407699584961,192.97425842285156,0.7773627638816833,0.305361807346344,0.17310157418251038,0.033096522092819214,0.3928176760673523
26.881332397460938,50.84000015258789,1000.0,275.0,0.4577145576477051,0.0,10.0,0.9990431070327759,0.9990431070327759,0.9990431070327759,0.0009569227695465088,0.0,nan,0.402765154838562,5520000.0,-0.013517959043383598,-0.00042313337326049805,2.7656554824062596e-09,0.019837170839309692,0.003481043502688408,2.6741623878479004,34302.48828125,96.65400695800781,7.41884708404541,104.07289123535156,192.17300415039062,0.738453209400177,0.2903911769390106,0.2443474978208542,0.03667616471648216,0.39324259757995605
27.093671798706055,44.84000015258789,1000.0,276.0,0.4545009136199951,0.0,10.0,0.9994162321090698,0.9994162321090698,0.9994162321090698,0.0005837380886077881,0.0,nan,0.4012071490287781,5540000.0,-0.013591419905424118,-7.346086204051971e-05,4.00543198608716e-09,0.01935054548084736,-0.0004866253584623337,2.6682136058807373,34411.7734375,101.39436340332031,7.870539665222168,109.26495361328125,183.04132080078125,0.7548432946205139,0.29833322763442993,0.2676837742328644,0.03510073572397232,0.39522528648376465
27.032373428344727,43.47999954223633,1000.0,277.0,0.4528985619544983,0.0,10.0,0.9991899728775024,0.9991899728775024,0.9991899728775024,0.0008100569248199463,0.0,nan,0.4001995027065277,5560000.0,-0.013005292043089867,0.0005861278623342514,-6.38961772381208e-09,0.01712897978723049,-0.002221565693616867,2.6814591884613037,34516.8828125,97.1233139038086,7.971186637878418,105.09455108642578,190.30484008789062,0.7561897039413452,0.3114117681980133,0.1541413813829422,0.03497585654258728,0.4118170142173767
26.913663864135742,48.63999938964844,1000.0,278.0,0.4504034221172333,0.0,10.0,0.9998461008071899,0.9998461008071899,0.9998461008071899,0.0001538693904876709,0.0,nan,0.39914995431900024,5580000.0,-0.012879099696874619,0.0001261923462152481,-1.0490417423625331e-09,0.01688363216817379,-0.00024534761905670166,2.666160821914673,34627.125,102.46468353271484,7.748692512512207,110.21343231201172,181.46609497070312,0.7782275676727295,0.3082602918148041,0.23932506144046783,0.033023010939359665,0.3961056172847748
26.990234375,51.900001525878906,1000.0,279.0,0.44881871342658997,0.0,10.0,1.000394582748413,1.000394582748413,1.000394582748413,0.00039464235305786133,0.0,nan,0.39853060245513916,5600000.0,-0.013806670904159546,-0.0009275712072849274,1.6212463593845428e-09,0.01890331506729126,0.00201968289911747,2.6730194091796875,34737.25,102.20508575439453,7.884836196899414,110.08997344970703,181.6696014404297,0.7408676743507385,0.3026694059371948,0.21206338703632355,0.0364375002682209,0.4085337519645691
27.08856964111328,55.099998474121094,1000.0,280.0,0.44784483313560486,0.0,10.0,0.9994763135910034,0.9994763135910034,0.9994763135910034,0.0005237162113189697,0.0,nan,0.398185133934021,5620000.0,-0.01294986717402935,0.0008568037301301956,4.673004205812958e-09,0.017946992069482803,-0.0009563229978084564,2.685821056365967,34848.1640625,102.95288848876953,7.940346717834473,110.8932876586914,180.35357666015625,0.7772974371910095,0.3171372413635254,0.15254239737987518,0.033102087676525116,0.4079999327659607
26.965845108032227,55.939998626708984,1000.0,281.0,0.44707971811294556,0.0,10.0,1.0003376007080078,1.0003376007080078,1.0003376007080078,0.0003375411033630371,0.0,nan,0.3978576958179474,5640000.0,-0.014611383900046349,-0.0016615167260169983,-4.100799699813251e-09,0.0157517958432436,-0.0021951962262392044,2.671022653579712,34943.0546875,88.40966796875,6.462282180786133,94.87200164794922,210.8103790283203,0.6986939907073975,0.29118674993515015,0.2420022189617157,0.04096904769539833,0.41675859689712524
26.916278839111328,54.15999984741211,1000.0,282.0,0.44872593879699707,0.0,10.0,1.0003156661987305,1.0003156661987305,1.0003156661987305,0.00031560659408569336,0.0,nan,0.39855748414993286,5660000.0,-0.013425898738205433,0.0011854851618409157,2.861023085110048e-10,0.016194159165024757,0.00044236332178115845,2.6718907356262207,35033.4765625,83.87045288085938,6.535734176635742,90.40625,221.22366333007812,0.7787318229675293,0.31619250774383545,0.18657727539539337,0.03298025578260422,0.40603530406951904
26.724069595336914,57.720001220703125,1000.0,283.0,0.4511783719062805,0.0,10.0,1.000701665878296,1.000701665878296,1.000701665878296,0.0007016658782958984,0.0,nan,0.3998112082481384,5680000.0,-0.014367405325174332,-0.0009415065869688988,-1.9073485846288207e-10,0.01639971137046814,0.00020555220544338226,2.6568877696990967,35129.14453125,88.70440673828125,6.943282127380371,95.64775085449219,209.10060119628906,0.7170248031616211,0.3043738007545471,0.19222363829612732,0.03890106454491615,0.4244954586029053
26.547094345092773,52.13999938964844,1000.0,284.0,0.4534696042537689,0.0,10.0,1.001786708831787,1.001786708831787,1.001786708831787,0.0017867684364318848,0.0,nan,0.4011395275592804,5700000.0,-0.01347767561674118,0.0008897297084331512,7.057189943537878e-09,0.01986037939786911,0.0034606680274009705,2.6531853675842285,35224.4453125,88.5655288696289,6.716709613800049,95.28229522705078,209.90260314941406,0.7655388712882996,0.2978089451789856,0.21376457810401917,0.03412678465247154,0.3890186548233032
26.70941925048828,45.34000015258789,1000.0,285.0,0.4531693458557129,0.0,10.0,0.999952495098114,0.999952495098114,0.999952495098114,4.750490188598633e-05,0.0,nan,0.40128859877586365,5720000.0,-0.013533332385122776,-5.565676838159561e-05,-7.2479249269008506e-09,0.018199803307652473,-0.0016605760902166367,2.656294107437134,35319.8046875,88.86911010742188,6.470293045043945,95.3394546508789,209.77676391601562,0.7311517596244812,0.30684930086135864,0.16561637818813324,0.03741233050823212,0.4196794033050537
26.890886306762695,57.900001525878906,1000.0,286.0,0.45342323184013367,0.0,10.0,0.9999779462814331,0.9999779462814331,0.9999779462814331,2.2083540898165666e-05,0.0,nan,0.4011760950088501,5740000.0,-0.013880494050681591,-0.000347161665558815,3.814697446813398e-09,0.01964525692164898,0.0014454536139965057,2.6344809532165527,35416.30859375,89.96619415283203,6.517913818359375,96.48416137695312,207.28793334960938,0.7370108962059021,0.29725900292396545,0.18137727677822113,0.03681984916329384,0.4033305048942566
26.877422332763672,68.41999816894531,1000.0,287.0,0.4532996714115143,0.0,10.0,1.0007846355438232,1.0007846355438232,1.0007846355438232,0.0007846950902603567,0.0,nan,0.4010189175605774,5760000.0,-0.012611220590770245,0.0012692734599113464,2.8610229740877458e-09,0.019732553511857986,8.729659020900726e-05,2.639329433441162,35507.83203125,84.8881607055664,6.614957809448242,91.503173828125,218.57168579101562,0.7799776792526245,0.29560548067092896,0.2050156593322754,0.03287498280405998,0.3789921700954437
27.23126983642578,57.65999984741211,1000.0,288.0,0.4495677649974823,0.0,10.0,1.0007638931274414,1.0007638931274414,1.0007638931274414,0.0007638931274414062,0.0,nan,0.3993818163871765,5780000.0,-0.013830563053488731,-0.0012193424627184868,-1.8119812317252126e-09,0.020410146564245224,0.0006775930523872375,2.6830790042877197,35603.92578125,89.58871459960938,6.48256778717041,96.07132720947266,208.17868041992188,0.7355738878250122,0.3153846263885498,0.20846199989318848,0.03696385398507118,0.428759902715683
27.006315231323242,59.599998474121094,1000.0,289.0,0.4459310472011566,0.0,10.0,1.0004642009735107,1.0004642009735107,1.0004642009735107,0.0004642605781555176,0.0,nan,0.39771097898483276,5800000.0,-0.013883608393371105,-5.304533988237381e-05,8.77380390562621e-09,0.018113618716597557,-0.002296527847647667,2.6903135776519775,35696.11328125,85.23973083496094,6.927680969238281,92.1674575805664,216.99635314941406,0.7439849376678467,0.29656562209129333,0.18874607980251312,0.03613279014825821,0.39861777424812317
26.805044174194336,49.5,1000.0,290.0,0.4427436590194702,0.0,10.0,1.00057053565979,1.00057053565979,1.00057053565979,0.0005705356597900391,0.0,nan,0.39652007818222046,5820000.0,-0.013340039178729057,0.0005435692146420479,3.8146971692576415e-10,0.01757482998073101,-0.0005387887358665466,2.6837663650512695,35792.20703125,89.50249481201172,6.573312759399414,96.07585144042969,208.1688690185547,0.7307683229446411,0.30373910069465637,0.2891511023044586,0.0374516025185585,0.4156436324119568
26.894756317138672,47.47999954223633,1000.0,291.0,0.4444179832935333,0.0,10.0,0.9995968341827393,0.9995968341827393,0.9995968341827393,0.0004031658172607422,0.0,nan,0.39754554629325867,5840000.0,-0.014048763550817966,-0.0007087243720889091,-2.7656554824062596e-09,0.019892172887921333,0.002317342907190323,2.6897382736206055,35883.8984375,85.25435638427734,6.418107986450195,91.67251586914062,218.1679229736328,0.7449811100959778,0.3137716054916382,0.22876209020614624,0.036036230623722076,0.42118045687675476
27.186992645263672,45.560001373291016,1000.0,292.0,0.4490722417831421,0.0,10.0,0.9997950196266174,0.9997950196266174,0.9997950196266174,0.00020498037338256836,0.0,nan,0.39963895082473755,5860000.0,-0.01280837319791317,0.0012403903529047966,-6.103515470812226e-09,0.020996080711483955,0.001103907823562622,2.683418035507202,35974.9921875,84.4679183959961,6.6071577072143555,91.07512664794922,219.5989532470703,0.7587039470672607,0.307768851518631,0.19751903414726257,0.03474442660808563,0.4056508243083954
27.218067169189453,47.15999984741211,1000.0,293.0,0.44875580072402954,0.0,10.0,1.0006515979766846,1.0006515979766846,1.0006515979766846,0.0006516575813293457,0.0,nan,0.39953112602233887,5880000.0,-0.012912065722048283,-0.00010369252413511276,-5.340575981449547e-09,0.01974211260676384,-0.0012539681047201157,2.6919705867767334,36066.63671875,85.22628784179688,6.400859832763672,91.62720489501953,218.27581787109375,0.7622132897377014,0.31607744097709656,0.21245284378528595,0.03442522883415222,0.4146836996078491
26.96942710876465,53.08000183105469,1000.0,294.0,0.4477115869522095,0.0,10.0,0.999822735786438,0.999822735786438,0.999822735786438,0.00017729401588439941,0.0,nan,0.39969128370285034,5900000.0,-0.013395429588854313,-0.0004833638668060303,-3.910064716450279e-09,0.017495859414339066,-0.002246253192424774,2.6826210021972656,36158.45703125,85.32787322998047,6.468533992767334,91.79645538330078,217.87335205078125,0.7528868913650513,0.29487231373786926,0.22775836288928986,0.0352834016084671,0.39165550470352173
26.97234535217285,58.900001525878906,1000.0,295.0,0.4479808509349823,0.0,10.0,1.0001449584960938,1.0001449584960938,1.0001449584960938,0.00014495849609375,0.0,nan,0.40026846528053284,5920000.0,-0.013399929739534855,-4.500150680541992e-06,3.814697446813398e-09,0.018792981281876564,0.0012971218675374985,2.6923670768737793,36249.26953125,84.49166870117188,6.304399490356445,90.79612731933594,220.27374267578125,0.7410245537757874,0.30952927470207214,0.17938418686389923,0.03642207384109497,0.4177045524120331
27.008323669433594,57.34000015258789,1000.0,296.0,0.4444698095321655,0.0,10.0,1.0009393692016602,1.0009393692016602,1.0009393692016602,0.0009393095970153809,0.0,nan,0.3987816572189331,5940000.0,-0.01499246433377266,-0.0015925345942378044,-1.907348723406699e-09,0.0195109061896801,0.0007179249078035355,2.685636520385742,36341.09765625,84.9988021850586,6.811697006225586,91.81055450439453,217.83990478515625,0.670956015586853,0.30131039023399353,0.19634658098220825,0.044426463544368744,0.4490762948989868
26.996118545532227,52.91999816894531,1000.0,297.0,0.44080501794815063,0.0,10.0,1.0005912780761719,1.0005912780761719,1.0005912780761719,0.000591278076171875,0.0,nan,0.3972088694572449,5960000.0,-0.014079614542424679,0.0009128497913479805,3.814697446813398e-09,0.019198471680283546,-0.00031243450939655304,2.7056124210357666,36430.78125,83.2220687866211,6.442085266113281,89.66419982910156,223.0544891357422,0.7160918712615967,0.30164098739624023,0.2149137556552887,0.039002496749162674,0.42123228311538696
26.478050231933594,53.2400016784668,1000.0,298.0,0.440601646900177,0.0,10.0,1.0011942386627197,1.0011942386627197,1.0011942386627197,0.0011942386627197266,0.0,nan,0.3969428539276123,5980000.0,-0.013041636906564236,0.0010379776358604431,1.907348723406699e-09,0.01733640767633915,-0.001862064003944397,2.673002004623413,36521.7578125,84.31574249267578,6.642697811126709,90.95848846435547,219.88055419921875,0.7843198776245117,0.3112652003765106,0.18979264795780182,0.03251197934150696,0.3968599736690521
26.329904556274414,60.880001068115234,1000.0,299.0,0.43961989879608154,0.0,10.0,1.0003881454467773,1.0003881454467773,1.0003881454467773,0.00038820505142211914,0.0,nan,0.3963255286216736,6000000.0,-0.012735721655189991,0.0003059152513742447,-1.3351439953623867e-09,0.016979126259684563,-0.0003572814166545868,2.6875107288360596,36612.8671875,84.74250793457031,6.347124099731445,91.08969116210938,219.5638427734375,0.7744101881980896,0.31689637899398804,0.16891273856163025,0.033349376171827316,0.4092099368572235
26.34271240234375,60.02000045776367,1000.0,300.0,0.4375282824039459,0.0,10.0,1.0003588199615479,1.0003588199615479,1.0003588199615479,0.00035876035690307617,0.0,nan,0.39541688561439514,6020000.0,-0.013761874288320541,-0.0010261526331305504,-1.6212463593845428e-09,0.01837656833231449,0.0013974420726299286,2.6842586994171143,36702.984375,83.63949584960938,6.461610794067383,90.10115814208984,221.97276306152344,0.7399604320526123,0.3032373785972595,0.19273339211940765,0.03652690351009369,0.4098021388053894
27.001100540161133,59.939998626708984,1000.0,301.0,0.4393424987792969,0.0,10.0,1.0002985000610352,1.0002985000610352,1.0002985000610352,0.00029844045639038086,0.0,nan,0.3961285650730133,6040000.0,-0.013364720158278942,0.0003971541300415993,4.386901952813105e-09,0.018878325819969177,0.000501757487654686,2.705165386199951,36797.7265625,88.22769927978516,6.494921684265137,94.72267150878906,211.14271545410156,0.7584964632987976,0.30641406774520874,0.1986231803894043,0.03476344048976898,0.40397560596466064
27.071996688842773,57.52000045776367,1000.0,302.0,0.44002223014831543,0.0,10.0,1.0007097721099854,1.0007097721099854,1.0007097721099854,0.000709831714630127,0.0,nan,0.39671212434768677,6060000.0,-0.013864783570170403,-0.0005000634118914604,-5.054473728449693e-09,0.017648469656705856,-0.001229856163263321,2.7114624977111816,36891.3125,86.80874633789062,6.760645866394043,93.56944274902344,213.74502563476562,0.7155483961105347,0.3118951618671417,0.2068040817975998,0.039061762392520905,0.43588268756866455
26.981342315673828,53.900001525878906,1000.0,303.0,0.4386184811592102,0.0,10.0,1.0010504722595215,1.0010504722595215,1.0010504722595215,0.001050412654876709,0.0,nan,0.39619871973991394,6080000.0,-0.014608467929065228,-0.000743684358894825,7.629394338515283e-10,0.018865011632442474,0.001216541975736618,2.7035813331604004,36987.30078125,89.36918640136719,6.601711273193359,95.97095489501953,208.3964080810547,0.7332890629768372,0.2992396950721741,0.26791444420814514,0.03719455748796463,0.40807878971099854
27.15300941467285,48.459999084472656,1000.0,304.0,0.4408053159713745,0.0,10.0,1.0008761882781982,1.0008761882781982,1.0008761882781982,0.0008762478246353567,0.0,nan,0.3969888389110565,6100000.0,-0.014332282356917858,0.0002761855721473694,1.7881393032936899e-09,0.018090425059199333,-0.0007745865732431412,2.7170796394348145,37082.1328125,88.09082794189453,6.723038673400879,94.81391906738281,210.93951416015625,0.7217333912849426,0.3004050850868225,0.18536357581615448,0.038395144045352936,0.4162272810935974
27.248058319091797,48.599998474121094,1000.0,305.0,0.4412335753440857,0.0,10.0,1.0002849102020264,1.0002849102020264,1.0002849102020264,0.0002848505973815918,0.0,nan,0.39726167917251587,6120000.0,-0.012844419106841087,0.0014878632500767708,0.0,0.01903695799410343,0.0009465329349040985,2.722222328186035,37176.39453125,87.69935607910156,6.541512489318848,94.24092864990234,212.2220458984375,0.7488353848457336,0.3122962415218353,0.22078534960746765,0.035666219890117645,0.4170425832271576
26.944042205810547,55.63999938964844,1000.0,306.0,0.43800508975982666,0.0,10.0,0.9993999004364014,0.9993999004364014,0.9993999004364014,0.0006000995635986328,0.0,nan,0.39617833495140076,6140000.0,-0.014548293314874172,-0.0017038742080330849,6.294250454175199e-09,0.01750299707055092,-0.0015339609235525131,2.7166740894317627,37267.671875,84.717529296875,6.539724349975586,91.25730895996094,219.16055297851562,0.6817539930343628,0.2914535105228424,0.2999204397201538,0.04303031414747238,0.42750537395477295
26.522056579589844,52.439998626708984,1000.0,307.0,0.43737679719924927,0.0,10.0,1.0000630617141724,1.0000630617141724,1.0000630617141724,6.306171417236328e-05,0.0,nan,0.3963070809841156,6160000.0,-0.013860344886779785,0.0006879484280943871,6.341934088993639e-09,0.018975403159856796,0.0014724060893058777,2.7216176986694336,37358.7890625,84.37057495117188,6.730014801025391,91.10064697265625,219.53744506835938,0.732361912727356,0.3019660413265228,0.24016115069389343,0.03728879615664482,0.41231799125671387
26.468605041503906,49.5,1000.0,308.0,0.4344373345375061,0.0,10.0,1.0003561973571777,1.0003561973571777,1.0003561973571777,0.00035625696182250977,0.0,nan,0.39520448446273804,6180000.0,-0.014009730890393257,-0.00014938600361347198,1.4305114870438729e-09,0.02129756659269333,0.0023221634328365326,2.706406354904175,37449.6953125,84.4658203125,6.419233322143555,90.8851089477539,220.05807495117188,0.7319017648696899,0.3089238107204437,0.21077871322631836,0.03733569756150246,0.4220837354660034
26.690906524658203,52.97999954223633,1000.0,309.0,0.43192994594573975,0.0,10.0,1.0011789798736572,1.0011789798736572,1.0011789798736572,0.0011789798736572266,0.0,nan,0.39401131868362427,6200000.0,-0.014545828104019165,-0.0005360972136259079,3.814697446813398e-09,0.018970215693116188,-0.002327350899577141,2.6855628490448,37546.234375,89.72530364990234,6.7954230308532715,96.52078247070312,207.20928955078125,0.6982519030570984,0.3020264208316803,0.22934146225452423,0.041020944714546204,0.4325464963912964
26.808969497680664,54.18000030517578,1000.0,310.0,0.42942607402801514,0.0,10.0,1.000185489654541,1.000185489654541,1.000185489654541,0.00018548965454101562,0.0,nan,0.39285627007484436,6220000.0,-0.014179057441651821,0.0003667706623673439,4.386901952813105e-09,0.01788664422929287,-0.0010835714638233185,2.6627018451690674,37636.70703125,83.84032440185547,6.605799674987793,90.44617462158203,221.1260223388672,0.6803833246231079,0.2953164577484131,0.22465060651302338,0.04320386052131653,0.4340442717075348
26.71267318725586,46.380001068115234,1000.0,311.0,0.42404961585998535,0.0,10.0,0.9994901418685913,0.9994901418685913,0.9994901418685913,0.0005098581314086914,0.0,nan,0.39036113023757935,6240000.0,-0.013107582926750183,0.001071474514901638,1.3351439953623867e-09,0.017328470945358276,-0.0005581732839345932,2.6708984375,37747.578125,102.12545776367188,8.727068901062012,110.85258483886719,180.4197998046875,0.7757346034049988,0.3103440999984741,0.17183007299900055,0.03323560208082199,0.40006470680236816
26.820940017700195,47.939998626708984,1000.0,312.0,0.42083799839019775,0.0,10.0,0.9998730421066284,0.9998730421066284,0.9998730421066284,0.00012695789337158203,0.0,nan,0.3887594938278198,6260000.0,-0.013843603432178497,-0.0007360205054283142,1.0490417423625331e-09,0.018388833850622177,0.0010603629052639008,2.668365001678467,37839.46875,85.30622863769531,6.56705379486084,91.87334442138672,217.69102478027344,0.7176209092140198,0.2890279293060303,0.2774157226085663,0.03883647173643112,0.4027584195137024
26.610092163085938,50.099998474121094,1000.0,313.0,0.4193323850631714,0.0,10.0,1.0009758472442627,1.0009758472442627,1.0009758472442627,0.0009758472442626953,0.0,nan,0.38838258385658264,6280000.0,-0.012905045412480831,0.0009385580196976662,-4.577636936176077e-09,0.019656291231513023,0.0012674573808908463,2.6697897911071777,37937.59765625,91.48805236816406,6.619134426116943,98.10723876953125,203.8585662841797,0.7814024686813354,0.3033454418182373,0.19407792389392853,0.032755203545093536,0.388206422328949
26.683822631835938,48.7400016784668,1000.0,314.0,0.41731876134872437,0.0,10.0,0.9992964267730713,0.9992964267730713,0.9992964267730713,0.0007035732269287109,0.0,nan,0.3879145383834839,6300000.0,-0.013068091124296188,-0.0001630457118153572,8.106231796922714e-10,0.019029784947633743,-0.0006265062838792801,2.6855084896087646,38032.64453125,88.71905517578125,6.306815147399902,95.02591705322266,210.4689178466797,0.757699728012085,0.3170788288116455,0.18243670463562012,0.03483658656477928,0.4184756577014923
26.67510414123535,48.060001373291016,1000.0,315.0,0.4165862202644348,0.0,10.0,0.9988622069358826,0.9988622069358826,0.9988622069358826,0.0011377930641174316,0.0,nan,0.3878280818462372,6320000.0,-0.014150903560221195,-0.0010828124359250069,6.318092271584419e-09,0.02011684887111187,0.0010870639234781265,2.659332513809204,38125.1640625,86.21631622314453,6.273999214172363,92.49037170410156,216.23875427246094,0.7253940105438232,0.30834096670150757,0.17805619537830353,0.038008611649274826,0.4250667989253998
26.956445693969727,55.060001373291016,1000.0,316.0,0.4190196394920349,0.0,10.0,1.0010969638824463,1.0010969638824463,1.0010969638824463,0.0010970234870910645,0.0,nan,0.38878899812698364,6340000.0,-0.014188257977366447,-3.735441714525223e-05,7.629394893626795e-09,0.019251098856329918,-0.0008657500147819519,2.6979219913482666,38215.421875,83.90316772460938,6.331698417663574,90.23490905761719,221.6437225341797,0.7308955788612366,0.2970653474330902,0.22198107838630676,0.037438564002513885,0.40644019842147827
26.812803268432617,48.560001373291016,1000.0,317.0,0.41779929399490356,0.0,10.0,0.9998096227645874,0.9998096227645874,0.9998096227645874,0.00019037723541259766,0.0,nan,0.3883598744869232,6360000.0,-0.013553994707763195,0.0006342632696032524,-2.6702879907247734e-09,0.019743256270885468,0.0004921574145555496,2.685706853866577,38302.640625,81.01619720458984,6.175581932067871,87.19183349609375,229.37928771972656,0.7351222634315491,0.29883310198783875,0.23608894646167755,0.037009283900260925,0.40650805830955505
27.05689239501953,51.060001373291016,1000.0,318.0,0.41292068362236023,0.0,10.0,1.0001659393310547,1.0001659393310547,1.0001659393310547,0.00016587974096182734,0.0,nan,0.3862801194190979,6380000.0,-0.014529305510222912,-0.0009753108024597168,3.433227480087453e-09,0.02031840570271015,0.0005751494318246841,2.7071218490600586,38390.1953125,81.35839080810547,6.178804397583008,87.53724670410156,228.4741973876953,0.7367599606513977,0.2998163104057312,0.1902523934841156,0.03684493899345398,0.4069388210773468
26.945791244506836,51.2599983215332,1000.0,319.0,0.4086438715457916,0.0,10.0,0.9999682903289795,0.9999682903289795,0.9999682903289795,3.1679883250035346e-05,0.0,nan,0.38464316725730896,6400000.0,-0.01397144328802824,0.0005578622221946716,6.294250454175199e-09,0.018677793443202972,-0.0016406122595071793,2.677170991897583,38480.9140625,84.42205047607422,6.27789306640625,90.69999694824219,220.5072021484375,0.7067682147026062,0.2914784848690033,0.31662052869796753,0.04003831744194031,0.4124101996421814
26.794889450073242,54.65999984741211,1000.0,320.0,0.4079700708389282,0.0,10.0,1.0003654956817627,1.0003654956817627,1.0003654956817627,0.0003655552864074707,0.0,nan,0.38489946722984314,6420000.0,-0.013293398544192314,0.0006780447438359261,-2.2888184680880386e-09,0.01812756434082985,-0.0005502291023731232,2.6729438304901123,38570.88671875,83.65762329101562,6.29046630859375,89.94815826416016,222.35032653808594,0.7753642201423645,0.3015853464603424,0.17501693964004517,0.03326736390590668,0.388959676027298
26.884071350097656,54.959999084472656,1000.0,321.0,0.4109638035297394,0.0,10.0,0.9998054504394531,0.9998054504394531,0.9998054504394531,0.0001945197582244873,0.0,nan,0.3859671354293823,6440000.0,-0.013051057234406471,0.0002423413097858429,1.907348723406699e-09,0.019010372459888458,0.000882808119058609,2.6641182899475098,38662.79296875,85.6728286743164,6.214730262756348,91.88761138916016,217.6572265625,0.7640392184257507,0.3102611005306244,0.2723756730556488,0.034260883927345276,0.40608009696006775
26.800010681152344,47.97999954223633,1000.0,322.0,0.41295385360717773,0.0,10.0,0.9992531538009644,0.9992531538009644,0.9992531538009644,0.0007468760595656931,0.0,nan,0.3865351676940918,6460000.0,-0.014048133045434952,-0.0009970758110284805,-1.7166137400437265e-09,0.017321862280368805,-0.0016885101795196533,2.663849115371704,38751.15234375,82.02252960205078,6.319025993347168,88.34160614013672,226.39390563964844,0.6842060685157776,0.3025031089782715,0.18653757870197296,0.042722441256046295,0.44212278723716736
26.788776397705078,49.81999969482422,1000.0,323.0,0.41308513283729553,0.0,10.0,1.0004472732543945,1.0004472732543945,1.0004472732543945,0.00044727325439453125,0.0,nan,0.387087345123291,6480000.0,-0.01478174701333046,-0.0007336139678955078,-9.536743617033494e-10,0.019264932721853256,0.0019430704414844513,2.674623966217041,38838.69140625,81.28347778320312,6.233506202697754,87.51703643798828,228.52696228027344,0.7054376006126404,0.29960155487060547,0.21017254889011383,0.040189504623413086,0.4247032105922699
26.93463897705078,52.18000030517578,1000.0,324.0,0.41457903385162354,0.0,10.0,1.0005395412445068,1.0005395412445068,1.0005395412445068,0.0005395412445068359,0.0,nan,0.38799047470092773,6500000.0,-0.013991421088576317,0.0007903259247541428,5.388260060357197e-09,0.01800115779042244,-0.0012637749314308167,2.693498134613037,38925.9921875,81.16131591796875,6.122079849243164,87.283447265625,229.1385498046875,0.7412594556808472,0.30592718720436096,0.1902000606060028,0.0363989919424057,0.4127127528190613
26.94568634033203,63.58000183105469,1000.0,325.0,0.41635817289352417,0.0,10.0,1.0014809370040894,1.0014809370040894,1.0014809370040894,0.0014809370040893555,0.0,nan,0.38857316970825195,6520000.0,-0.018364954739809036,-0.004373533651232719,1.5258788677030566e-09,0.017658300697803497,-0.00034285709261894226,2.6937925815582275,39013.890625,81.6640396118164,6.217327117919922,87.88141632080078,227.5794219970703,0.6520460844039917,0.2944214344024658,0.23383206129074097,0.047040652483701706,0.45153459906578064
27.10381317138672,61.040000915527344,1000.0,326.0,0.4164044260978699,0.0,10.0,1.0007171630859375,1.0007171630859375,1.0007171630859375,0.0007172226905822754,0.0,nan,0.3883373737335205,6540000.0,-0.014382177032530308,0.0039827777072787285,-2.2888184680880386e-09,0.01780804991722107,0.00014974921941757202,2.6851816177368164,39101.921875,81.72731018066406,6.281759262084961,88.00912475585938,227.2491912841797,0.7073408961296082,0.2995049059391022,0.2104419320821762,0.039973512291908264,0.4234236776828766
27.093961715698242,53.47999954223633,1000.0,327.0,0.4174274802207947,0.0,10.0,1.0006678104400635,1.0006678104400635,1.0006678104400635,0.0006677508354187012,0.0,nan,0.38852548599243164,6560000.0,-0.014098183251917362,0.00028399378061294556,-1.5258788677030566e-09,0.017705902457237244,-0.00010214745998382568,2.6893327236175537,39189.6875,81.3729476928711,6.375212669372559,87.74821472167969,227.92489624023438,0.7493823766708374,0.3028564453125,0.19273333251476288,0.03561417758464813,0.4041415750980377
26.750951766967773,55.84000015258789,1000.0,328.0,0.417880117893219,0.0,10.0,0.9999392032623291,0.9999392032623291,0.9999392032623291,6.079673767089844e-05,0.0,nan,0.38887736201286316,6580000.0,-0.014946183189749718,-0.0008479999378323555,-1.4305114870438729e-09,0.017319150269031525,-0.000386752188205719,2.6830036640167236,39277.484375,81.5592269897461,6.221586227416992,87.7808609008789,227.84011840820312,0.6773830056190491,0.29008492827415466,0.2310236692428589,0.04358743131160736,0.4282436668872833
26.648605346679688,48.70000076293945,1000.0,329.0,0.4160427451133728,0.0,10.0,1.0004125833511353,1.0004125833511353,1.0004125833511353,0.0004125833511352539,0.0,nan,0.38876211643218994,6600000.0,-0.014427117072045803,0.0005190661177039146,-8.01086397217432e-09,0.015466386452317238,-0.0018527638167142868,2.663679838180542,39365.4453125,81.58112335205078,6.35814094543457,87.93931579589844,227.42959594726562,0.6894457340240479,0.29785287380218506,0.2562877833843231,0.04207553714513779,0.43201783299446106
26.768089294433594,47.0,1000.0,330.0,0.41703081130981445,0.0,10.0,1.0006530284881592,1.0006530284881592,1.0006530284881592,0.0006530284881591797,0.0,nan,0.38976508378982544,6620000.0,-0.014217992313206196,0.00020912475883960724,-5.722046170220096e-10,0.01851572096347809,0.0030493345111608505,2.6783852577209473,39451.87109375,80.24536895751953,6.161195755004883,86.40662384033203,231.4637451171875,0.7362006306648254,0.2908552587032318,0.2174198478460312,0.036900945007801056,0.39507612586021423
26.847238540649414,52.2400016784668,1000.0,331.0,0.4170101284980774,0.0,10.0,1.0008938312530518,1.0008938312530518,1.0008938312530518,0.0008937716484069824,0.0,nan,0.38988009095191956,6640000.0,-0.014365886338055134,-0.000147894024848938,4.386901952813105e-09,0.017818907275795937,-0.0006968136876821518,2.6810429096221924,39544.2578125,86.07719421386719,6.292639255523682,92.36988830566406,216.5207977294922,0.7179409265518188,0.30107536911964417,0.20515020191669464,0.038801852613687515,0.41935938596725464
27.0114688873291,56.34000015258789,1000.0,332.0,0.4148060977458954,0.0,10.0,0.9986618757247925,0.9986618757247925,0.9986618757247925,0.0013380944728851318,0.0,nan,0.38901078701019287,6660000.0,-0.01369413547217846,0.0006717508658766747,-7.438659466174613e-09,0.02041839063167572,0.0025994833558797836,2.696260929107666,39637.22265625,86.52779388427734,6.416799545288086,92.94464874267578,215.18185424804688,0.7308446168899536,0.30525821447372437,0.1855170726776123,0.03744378313422203,0.41767871379852295
27.247968673706055,50.68000030517578,1000.0,333.0,0.41515427827835083,0.0,10.0,1.0007069110870361,1.0007069110870361,1.0007069110870361,0.0007069110870361328,0.0,nan,0.38908517360687256,6680000.0,-0.015586583875119686,-0.001892448402941227,2.145767119543507e-09,0.020725315436720848,0.00030692480504512787,2.6897480487823486,39725.58203125,81.97669982910156,6.364707946777344,88.34146118164062,226.394287109375,0.6548740863800049,0.30246445536613464,0.221234992146492,0.04663524776697159,0.4618666172027588
27.183069229125977,52.91999816894531,1000.0,334.0,0.41853752732276917,0.0,10.0,1.0011205673217773,1.0011205673217773,1.0011205673217773,0.0011206269264221191,0.0,nan,0.39042046666145325,6700000.0,-0.01464808639138937,0.0009384974837303162,-4.76837147544984e-09,0.01788024976849556,-0.0028450656682252884,2.6952176094055176,39813.49609375,81.5555648803711,6.337270259857178,87.89289855957031,227.54969787597656,0.7236865162849426,0.29961511492729187,0.19963160157203674,0.03818817436695099,0.41401225328445435
27.128461837768555,53.79999923706055,1000.0,335.0,0.4206245541572571,0.0,10.0,0.9996427297592163,0.9996427297592163,0.9996427297592163,0.0003572702407836914,0.0,nan,0.39136725664138794,6720000.0,-0.014106510207057,0.0005415761843323708,5.817413217812373e-09,0.01913600042462349,0.0012557506561279297,2.684427261352539,39905.859375,86.0986099243164,6.247373580932617,92.34603881835938,216.57672119140625,0.7047238349914551,0.29526185989379883,0.21366548538208008,0.040270958095788956,0.4189754128456116
27.048124313354492,61.70000076293945,1000.0,336.0,0.418967604637146,0.0,10.0,0.9994466304779053,0.9994466304779053,0.9994466304779053,0.0005533695220947266,0.0,nan,0.3907366096973419,6740000.0,-0.014098132029175758,8.378177881240845e-06,4.76837147544984e-09,0.019704019650816917,0.000568019226193428,2.6995351314544678,39998.046875,85.78268432617188,6.385309219360352,92.16804504394531,216.99496459960938,0.7065966725349426,0.29817500710487366,0.24000468850135803,0.04005776345729828,0.4219875931739807
27.118505477905273,66.5199966430664,1000.0,337.0,0.41488850116729736,0.0,10.0,0.9999047517776489,0.9999047517776489,0.9999047517776489,9.521842002868652e-05,0.0,nan,0.38914692401885986,6760000.0,-0.01395438238978386,0.0001437496393918991,7.629394893626795e-09,0.019732167944312096,2.8148293495178223e-05,2.6830692291259766,40086.296875,81.74946594238281,6.481176376342773,88.2306900024414,226.6785125732422,0.7191503047943115,0.30227169394493103,0.20020818710327148,0.038671452552080154,0.42031779885292053
26.969148635864258,61.68000030517578,1000.0,338.0,0.415547251701355,0.0,10.0,1.0011354684829712,1.0011354684829712,1.0011354684829712,0.0011354684829711914,0.0,nan,0.38942235708236694,6780000.0,-0.016686294227838516,-0.002731911838054657,-2.2888184680880386e-09,0.018475446850061417,-0.001256721094250679,2.693303108215332,40173.43359375,80.72277069091797,6.398523330688477,87.12134552001953,229.5648956298828,0.6641968488693237,0.30673059821128845,0.23349522054195404,0.045335277915000916,0.46180665493011475
27.117149353027344,57.400001525878906,1000.0,339.0,0.4197937250137329,0.0,10.0,1.0006191730499268,1.0006191730499268,1.0006191730499268,0.0006191134452819824,0.0,nan,0.391086220741272,6800000.0,-0.013912161812186241,0.002774132415652275,2.0980834847250662e-09,0.018490293994545937,1.4847144484519958e-05,2.702723741531372,40260.875,81.23008728027344,6.1890459060668945,87.41918182373047,228.7827606201172,0.7306074500083923,0.3147119879722595,0.15131527185440063,0.03746809810400009,0.4307539761066437
27.013296127319336,54.15999984741211,1000.0,340.0,0.41896647214889526,0.0,10.0,1.0003477334976196,1.0003477334976196,1.0003477334976196,0.0003477334976196289,0.0,nan,0.3906121850013733,6820000.0,-0.012903709895908833,0.0010084519162774086,-3.8146971692576415e-10,0.0175027959048748,-0.000987498089671135,2.7215051651000977,40348.03125,80.89905548095703,6.239450454711914,87.13855743408203,229.51954650878906,0.7954024076461792,0.30182501673698425,0.16572809219360352,0.031612295657396317,0.37946203351020813
26.951780319213867,53.720001220703125,1000.0,341.0,0.419485867023468,0.0,10.0,0.9996384382247925,0.9996384382247925,0.9996384382247925,0.00036156177520751953,0.0,nan,0.3904856741428375,6840000.0,-0.014401803724467754,-0.0014980938285589218,4.100799699813251e-09,0.018499141559004784,0.000996345654129982,2.692533254623413,40436.015625,81.61150360107422,6.351386070251465,87.96294403076172,227.36849975585938,0.7031928300857544,0.29484954476356506,0.25250017642974854,0.040446504950523376,0.4193011522293091
27.054609298706055,50.619998931884766,1000.0,342.0,0.4188480079174042,0.0,10.0,0.9995555877685547,0.9995555877685547,0.9995555877685547,0.0004444420337677002,0.0,nan,0.3898034691810608,6860000.0,-0.013604788109660149,0.0007970156148076057,4.291534350109316e-10,0.018917996436357498,0.00041885487735271454,2.6962039470672607,40523.4921875,81.28015899658203,6.174551010131836,87.45475769042969,228.68968200683594,0.7284736037254333,0.29478979110717773,0.21120528876781464,0.03768792748451233,0.40466779470443726
27.16272735595703,51.279998779296875,1000.0,343.0,0.41445043683052063,0.0,10.0,1.0009713172912598,1.0009713172912598,1.0009713172912598,0.0009712576866149902,0.0,nan,0.38790446519851685,6880000.0,-0.01298349816352129,0.0006212899461388588,-2.8610229740877458e-09,0.018318848684430122,-0.0005991477519273758,2.7053961753845215,40610.1875,80.55740356445312,6.1165924072265625,86.67404174804688,230.74960327148438,0.7431687712669373,0.3107459545135498,0.17488102614879608,0.03621220588684082,0.41813647747039795
27.125900268554688,49.7599983215332,1000.0,344.0,0.41129836440086365,0.0,10.0,1.0009894371032715,1.0009894371032715,1.0009894371032715,0.000989377498626709,0.0,nan,0.38692760467529297,6900000.0,-0.013636010698974133,-0.0006525125354528427,-3.2424927187690855e-09,0.018972154706716537,0.0006533060222864151,2.7049977779388428,40697.31640625,80.78353118896484,6.326601982116699,87.11019134521484,229.5942840576172,0.7366920113563538,0.2984639108181,0.2374497801065445,0.036851733922958374,0.40514057874679565
26.937482833862305,46.97999954223633,1000.0,345.0,0.4118426740169525,0.0,10.0,1.0014793872833252,1.0014793872833252,1.0014793872833252,0.0014793872833251953,0.0,nan,0.3871385157108307,6920000.0,-0.01589161530137062,-0.002255604602396488,0.0,0.01726568676531315,-0.001706467941403389,2.7118330001831055,40789.60546875,85.7964096069336,6.477097988128662,92.2735595703125,216.746826171875,0.6740402579307556,0.2921640872955322,0.2924760580062866,0.04402083158493042,0.43345198035240173
27.020479202270508,49.540000915527344,1000.0,346.0,0.41515105962753296,0.0,10.0,1.0009126663208008,1.0009126663208008,1.0009126663208008,0.0009126663208007812,0.0,nan,0.38826099038124084,6940000.0,-0.01496468298137188,0.0009269323199987411,1.5258788677030566e-09,0.01767086051404476,0.00040517374873161316,2.7190260887145996,40881.99609375,86.19202423095703,6.1784443855285645,92.37052917480469,216.51930236816406,0.6859436631202698,0.29465869069099426,0.2705765664577484,0.04250626266002655,0.4295668303966522
26.960533142089844,57.36000061035156,1000.0,347.0,0.4172835648059845,0.0,10.0,1.0002697706222534,1.0002697706222534,1.0002697706222534,0.00026977062225341797,0.0,nan,0.38936036825180054,6960000.0,-0.013904926367104053,0.001059756614267826,2.574920721087892e-09,0.017717311158776283,4.6450644731521606e-05,2.7146682739257812,40973.44921875,85.3216323852539,6.114170551300049,91.43585205078125,218.73260498046875,0.7053435444831848,0.300085186958313,0.23090395331382751,0.04020022600889206,0.4254453778266907
27.002431869506836,53.79999923706055,1000.0,348.0,0.4187774360179901,0.0,10.0,0.9996259212493896,0.9996259212493896,0.9996259212493896,0.00037410855293273926,0.0,nan,0.3905080258846283,6980000.0,-0.014297157526016235,-0.00039223115891218185,-8.583068700218632e-10,0.019874798133969307,0.0021574869751930237,2.7033982276916504,41065.4609375,85.77119445800781,6.2210164070129395,91.99226379394531,217.40960693359375,0.7252057790756226,0.30317461490631104,0.21946880221366882,0.03802833706140518,0.4180532991886139
26.927350997924805,49.959999084472656,1000.0,349.0,0.4202499985694885,0.0,10.0,1.0005557537078857,1.0005557537078857,1.0005557537078857,0.0005556941032409668,0.0,nan,0.3913828432559967,7000000.0,-0.013666450046002865,0.0006307074800133705,7.629394338515283e-10,0.017995141446590424,-0.0018796566873788834,2.7117397785186768,41158.55078125,86.94927215576172,6.120492935180664,93.06981658935547,214.8924560546875,0.7338297367095947,0.30086350440979004,0.20989719033241272,0.03713976964354515,0.409991055727005
26.961048126220703,48.15999984741211,1000.0,350.0,0.4204789102077484,0.0,10.0,0.9998877048492432,0.9998877048492432,0.9998877048492432,0.00011226534843444824,0.0,nan,0.3912926912307739,7020000.0,-0.013820010237395763,-0.00015356019139289856,5.531310964812519e-09,0.018403111025691032,0.0004079695791006088,2.70416522026062,41250.97265625,86.24170684814453,6.163055419921875,92.4048080444336,216.43898010253906,0.7247732281684875,0.29600152373313904,0.2537083625793457,0.038073744624853134,0.4084056317806244
27.001562118530273,52.81999969482422,1000.0,351.0,0.41827505826950073,0.0,10.0,0.9992306232452393,0.9992306232452393,0.9992306232452393,0.0007693767547607422,0.0,nan,0.39026808738708496,7040000.0,-0.012671069242060184,0.001148940995335579,3.7193297330873065e-09,0.01826903037726879,-0.0001340806484222412,2.7287306785583496,41342.42578125,85.21878814697266,6.215688705444336,91.43452453613281,218.73577880859375,0.7784005403518677,0.3074750602245331,0.20773229002952576,0.033008333295583725,0.39500877261161804
26.982946395874023,51.86000061035156,1000.0,352.0,0.4145047068595886,0.0,10.0,0.9996565580368042,0.9996565580368042,0.9996565580368042,0.0003434717655181885,0.0,nan,0.3890296518802643,7060000.0,-0.013695335946977139,-0.001024266704916954,-7.915496702537439e-09,0.01699623465538025,-0.0012727957218885422,2.698599100112915,41434.2734375,85.72872924804688,6.100667476654053,91.8294448852539,217.7950897216797,0.7317812442779541,0.31155166029930115,0.19119027256965637,0.037348002195358276,0.4257442355155945
27.0107479095459,53.779998779296875,1000.0,353.0,0.413973331451416,0.0,10.0,1.000557541847229,1.000557541847229,1.000557541847229,0.0005575418472290039,0.0,nan,0.38896656036376953,7080000.0,-0.013899250887334347,-0.00020391494035720825,-7.2479249269008506e-09,0.019730888307094574,0.002734653651714325,2.7290258407592773,41521.3984375,80.80941772460938,6.296886444091797,87.10636138916016,229.60438537597656,0.7421053647994995,0.2996145486831665,0.2588643431663513,0.03631605952978134,0.40373578667640686
27.008852005004883,52.2599983215332,1000.0,354.0,0.41243335604667664,0.0,10.0,1.000490665435791,1.000490665435791,1.000490665435791,0.0004906058311462402,0.0,nan,0.38810503482818604,7100000.0,-0.014716985635459423,-0.0008177347481250763,-1.5258788677030566e-09,0.01929200254380703,-0.00043888576328754425,2.7109646797180176,41609.66796875,81.86092376708984,6.387979507446289,88.24895477294922,226.631591796875,0.6646893620491028,0.29671379923820496,0.21969400346279144,0.045268118381500244,0.446394681930542
27.186481475830078,58.79999923706055,1000.0,355.0,0.40894144773483276,0.0,10.0,1.00018310546875,1.00018310546875,1.00018310546875,0.00018304587865713984,0.0,nan,0.38650253415107727,7120000.0,-0.01523034367710352,-0.0005133580416440964,-4.00543198608716e-09,0.019159605726599693,-0.00013239681720733643,2.707231044769287,41698.84375,82.80780792236328,6.344173431396484,89.15204620361328,224.3358612060547,0.6752901673316956,0.3160881996154785,0.1955322027206421,0.04385802149772644,0.4680776298046112
27.274147033691406,57.7400016784668,1000.0,356.0,0.4060429036617279,0.0,10.0,1.0005590915679932,1.0005590915679932,1.0005590915679932,0.0005591511726379395,0.0,nan,0.385292649269104,7140000.0,-0.014158850535750389,0.0010714931413531303,6.675719976811934e-10,0.017547141760587692,-0.001612463966012001,2.70682954788208,41786.92578125,81.87037658691406,6.190993785858154,88.06143188476562,227.1142120361328,0.7129554748535156,0.2999393045902252,0.18908129632472992,0.03934640437364578,0.420698344707489
27.3052978515625,51.060001373291016,1000.0,357.0,0.4036979675292969,0.0,10.0,1.0000821352005005,1.0000821352005005,1.0000821352005005,8.213520050048828e-05,0.0,nan,0.3845710754394531,7160000.0,-0.014357328414916992,-0.0001984778791666031,4.1961669694501325e-09,0.018332427367568016,0.0007852856069803238,2.7046260833740234,41874.234375,81.179443359375,6.110865592956543,87.29035949707031,229.12039184570312,0.7069864869117737,0.2996794879436493,0.19540925323963165,0.04001360014081001,0.42388278245925903
27.291074752807617,51.959999084472656,1000.0,358.0,0.40187162160873413,0.0,10.0,1.0007683038711548,1.0007683038711548,1.0007683038711548,0.0007683038711547852,0.0,nan,0.38383305072784424,7180000.0,-0.013518738560378551,0.0008385898545384407,-4.00543198608716e-09,0.018690135329961777,0.0003577079623937607,2.712057113647461,41961.71875,81.00470733642578,6.460718154907227,87.46549987792969,228.66162109375,0.7490711808204651,0.3085101544857025,0.18154935538768768,0.035643771290779114,0.41185706853866577
27.094430923461914,56.70000076293945,1000.0,359.0,0.3992912769317627,0.0,10.0,0.9993383288383484,0.9993383288383484,0.9993383288383484,0.0006616711616516113,0.0,nan,0.382648229598999,7200000.0,-0.01346514467149973,5.359388887882233e-05,1.5258788677030566e-09,0.01809532567858696,-0.0005948096513748169,2.718170642852783,42048.59375,80.7768325805664,6.075282096862793,86.85216522216797,230.27638244628906,0.7401329874992371,0.3058292269706726,0.17330802977085114,0.03650987893342972,0.4132084548473358
26.752195358276367,61.880001068115234,1000.0,360.0,0.3962727189064026,0.0,10.0,1.0003087520599365,1.0003087520599365,1.0003087520599365,0.00030881166458129883,0.0,nan,0.38151007890701294,7220000.0,-0.014211560599505901,-0.0007464159280061722,-7.629394338515283e-10,0.016892502084374428,-0.001202823594212532,2.7203526496887207,42135.765625,80.9607162475586,6.193617343902588,87.1543960571289,229.47784423828125,0.6811559200286865,0.274453729391098,0.2789760231971741,0.04310590773820877,0.40292349457740784
26.598058700561523,64.18000030517578,1000.0,361.0,0.390653133392334,0.0,10.0,1.0005128383636475,1.0005128383636475,1.0005128383636475,0.0005128383636474609,0.0,nan,0.3794861435890198,7240000.0,-0.013947270810604095,0.0002642897889018059,7.629394893626795e-09,0.017778988927602768,0.0008864868432283401,2.7002809047698975,42227.140625,85.09353637695312,6.260735988616943,91.35432434082031,218.9278106689453,0.7237337827682495,0.30476465821266174,0.2497929036617279,0.03818318620324135,0.4211004972457886
26.650806427001953,57.31999969482422,1000.0,362.0,0.3862638473510742,0.0,10.0,1.0001037120819092,1.0001037120819092,1.0001037120819092,0.00010371208190917969,0.0,nan,0.37799298763275146,7260000.0,-0.014672035351395607,-0.0007247645407915115,2.00271599304358e-09,0.018886424601078033,0.0011074356734752655,2.717045307159424,42318.84375,85.28926086425781,6.394499778747559,91.68418884277344,218.14013671875,0.676500141620636,0.301893025636673,0.23228344321250916,0.04370127618312836,0.446257084608078
26.852888107299805,51.52000045776367,1000.0,363.0,0.38405993580818176,0.0,10.0,1.0008385181427002,1.0008385181427002,1.0008385181427002,0.0008385777473449707,0.0,nan,0.37700387835502625,7280000.0,-0.013568484224379063,0.0011035511270165443,4.577636936176077e-09,0.020037943497300148,0.0011515188962221146,2.7154557704925537,42409.890625,84.74057006835938,6.285175323486328,91.02579498291016,219.71795654296875,0.7598289847373962,0.3031570315361023,0.20570868253707886,0.03464161604642868,0.39898058772087097
26.71749496459961,45.63999938964844,1000.0,364.0,0.3837282657623291,0.0,10.0,1.000206470489502,1.000206470489502,1.000206470489502,0.00020641088485717773,0.0,nan,0.37647706270217896,7300000.0,-0.013994984328746796,-0.000426500104367733,2.1934509764065524e-09,0.019246377050876617,-0.0007915664464235306,2.69800066947937,42497.1796875,80.89093780517578,6.380678176879883,87.27166748046875,229.1694793701172,0.7062519192695618,0.2995104491710663,0.2193242460489273,0.04009687900543213,0.42408451437950134
26.728593826293945,49.220001220703125,1000.0,365.0,0.38508865237236023,0.0,10.0,1.0005247592926025,1.0005247592926025,1.0005247592926025,0.0005246996879577637,0.0,nan,0.37726810574531555,7320000.0,-0.015173082239925861,-0.0011780979111790657,7.629394338515283e-10,0.017092445865273476,-0.002153931185603142,2.6999833583831787,42584.2578125,80.47798919677734,6.581750869750977,87.05979919433594,229.72718811035156,0.6457617878913879,0.3026130199432373,0.21414992213249207,0.047960661351680756,0.46861398220062256
26.829851150512695,59.13999938964844,1000.0,366.0,0.3889419436454773,0.0,10.0,1.000694751739502,1.000694751739502,1.000694751739502,0.0006947517395019531,0.0,nan,0.37879395484924316,7340000.0,-0.015514456667006016,-0.0003413744270801544,-9.53674295089968e-09,0.018369123339653015,0.0012766774743795395,2.6902530193328857,42671.44921875,80.63189697265625,6.5385026931762695,87.17045593261719,229.43556213378906,0.6537274718284607,0.28352031111717224,0.24350380897521973,0.046798981726169586,0.4336979389190674
27.057941436767578,63.20000076293945,1000.0,367.0,0.3932391107082367,0.0,10.0,0.9989556074142456,0.9989556074142456,0.9989556074142456,0.0010443925857543945,0.0,nan,0.3799079358577728,7360000.0,-0.014850896783173084,0.0006635598838329315,8.77380390562621e-09,0.020731324329972267,0.002362200990319252,2.7117342948913574,42763.8671875,85.91126251220703,6.488750457763672,92.40006256103516,216.45008850097656,0.7046237587928772,0.2982989251613617,0.21398647129535675,0.040282394737005234,0.4233449697494507
26.954137802124023,57.34000015258789,1000.0,368.0,0.3912961184978485,0.0,10.0,0.9998050928115845,0.9998050928115845,0.9998050928115845,0.00019487738609313965,0.0,nan,0.378792405128479,7380000.0,-0.013838599435985088,0.001012297347187996,3.337859988405967e-10,0.018194643780589104,-0.0025366805493831635,2.6935651302337646,42851.10546875,80.93975830078125,6.278606414794922,87.21841430664062,229.30938720703125,0.7152195572853088,0.3000052571296692,0.19940531253814697,0.03909768536686897,0.41945895552635193
27.078325271606445,51.119998931884766,1000.0,369.0,0.38681185245513916,0.0,10.0,1.000319004058838,1.000319004058838,1.000319004058838,0.00031894445419311523,0.0,nan,0.3765886425971985,7400000.0,-0.013815131969749928,2.3467466235160828e-05,-3.6239624634504253e-09,0.018947359174489975,0.0007527153939008713,2.6977295875549316,42939.08984375,81.7411880493164,6.225576400756836,87.96681213378906,227.35848999023438,0.6977555155754089,0.2986336052417755,0.2791483402252197,0.041079331189394,0.427991658449173
27.09817123413086,51.560001373291016,1000.0,370.0,0.3850439190864563,0.0,10.0,0.9999533891677856,0.9999533891677856,0.9999533891677856,4.658103716792539e-05,0.0,nan,0.3751891255378723,7420000.0,-0.013361351564526558,0.0004537804052233696,1.1444092340440193e-09,0.01795295625925064,-0.000994402915239334,2.711047887802124,43027.0625,81.83612823486328,6.118023872375488,87.9542007446289,227.39109802246094,0.7251177430152893,0.29241320490837097,0.23567794263362885,0.03803757205605507,0.4032630920410156
27.059476852416992,52.63999938964844,1000.0,371.0,0.3821573257446289,0.0,10.0,1.0004374980926514,1.0004374980926514,1.0004374980926514,0.0004374980926513672,0.0,nan,0.3735264539718628,7440000.0,-0.013746349141001701,-0.00038499757647514343,4.243850604268573e-09,0.017585447058081627,-0.000367509201169014,2.7160520553588867,43115.10546875,81.72671508789062,6.2986297607421875,88.02539825439453,227.20716857910156,0.7384936213493347,0.30564799904823303,0.18157026171684265,0.03667214885354042,0.41388025879859924
26.797147750854492,51.29999923706055,1000.0,372.0,0.37735193967819214,0.0,10.0,0.999231219291687,0.999231219291687,0.999231219291687,0.0007687509059906006,0.0,nan,0.3718479573726654,7460000.0,-0.014634664170444012,-0.0008883150294423103,2.00271599304358e-09,0.019243460148572922,0.0016580130904912949,2.706653118133545,43203.45703125,81.92406463623047,6.408361434936523,88.33247375488281,226.4173126220703,0.7195507884025574,0.3083508312702179,0.1625630408525467,0.03862842544913292,0.4285324215888977
26.825111389160156,51.13999938964844,1000.0,373.0,0.37574175000190735,0.0,10.0,1.000575065612793,1.000575065612793,1.000575065612793,0.0005751252174377441,0.0,nan,0.3716531991958618,7480000.0,-0.015092016197741032,-0.00045735202729701996,-4.76837147544984e-09,0.01898707076907158,-0.0002563893795013428,2.6831955909729004,43295.1953125,85.480712890625,6.237777233123779,91.71853637695312,218.05844116210938,0.696636974811554,0.31404080986976624,0.21612410247325897,0.04121134430170059,0.450795441865921
26.927597045898438,51.29999923706055,1000.0,374.0,0.37455880641937256,0.0,10.0,1.0012803077697754,1.0012803077697754,1.0012803077697754,0.0012802481651306152,0.0,nan,0.3715834617614746,7500000.0,-0.014348180964589119,0.0007438352331519127,2.479553229406406e-09,0.015807107090950012,-0.0031799636781215668,2.6518094539642334,43386.71875,85.10244750976562,6.402377605438232,91.5048828125,218.56759643554688,0.6956222653388977,0.3009692430496216,0.20305921137332916,0.04133166745305061,0.43266183137893677
26.910425186157227,58.31999969482422,1000.0,375.0,0.3719152808189392,0.0,10.0,1.0006542205810547,1.0006542205810547,1.0006542205810547,0.0006542801856994629,0.0,nan,0.3710264563560486,7520000.0,-0.01444542407989502,-9.724311530590057e-05,4.291534239087014e-09,0.01824289746582508,0.0024357903748750687,2.6671829223632812,43478.88671875,85.71253204345703,6.436285495758057,92.14888000488281,217.04010009765625,0.7036926746368408,0.29965999722480774,0.21443267166614532,0.04038906469941139,0.4258393347263336
26.838354110717773,59.2400016784668,1000.0,376.0,0.3671553432941437,0.0,10.0,1.0004663467407227,1.0004663467407227,1.0004663467407227,0.00046628713607788086,0.0,nan,0.3696173131465912,7540000.0,-0.014096667058765888,0.0003487570211291313,-5.817413217812373e-09,0.01665385067462921,-0.0015890467911958694,2.6826541423797607,43566.5,81.23683166503906,6.358707427978516,87.59558868408203,228.322021484375,0.6945022344589233,0.3027110695838928,0.19033211469650269,0.04146508499979973,0.4358677864074707
26.874956130981445,63.2599983215332,1000.0,377.0,0.3580661416053772,0.0,10.0,1.0000873804092407,1.0000873804092407,1.0000873804092407,8.738040924072266e-05,0.0,nan,0.3666699528694153,7560000.0,-0.01377854309976101,0.000318123959004879,-5.435943695175638e-09,0.01730508916079998,0.0006512384861707687,2.6621012687683105,43653.73828125,80.96717071533203,6.252694129943848,87.21997833251953,229.30528259277344,0.7039236426353455,0.29773184657096863,0.21288229525089264,0.04036256670951843,0.42296040058135986
26.72673797607422,60.08000183105469,1000.0,378.0,0.35198789834976196,0.0,10.0,1.0012367963790894,1.0012367963790894,1.0012367963790894,0.0012367963790893555,0.0,nan,0.36477166414260864,7580000.0,-0.015780560672283173,-0.0020020175725221634,4.863739189175931e-09,0.017845518887043,0.0005404297262430191,2.667463779449463,43740.9375,81.0667495727539,6.110374450683594,87.17718505859375,229.4178466796875,0.6440732479095459,0.27488112449645996,0.2902965247631073,0.04821246489882469,0.42678549885749817
26.992734909057617,58.02000045776367,1000.0,379.0,0.3510478138923645,0.0,10.0,0.9996899366378784,0.9996899366378784,0.9996899366378784,0.0003100931644439697,0.0,nan,0.36420297622680664,7600000.0,-0.014837625436484814,0.0009429352357983589,-1.5258788677030566e-09,0.017474211752414703,-0.0003713071346282959,2.6699235439300537,43828.65234375,81.23963165283203,6.458998680114746,87.69867706298828,228.0536346435547,0.6707695722579956,0.30262595415115356,0.19898028671741486,0.044451165944337845,0.45116230845451355
27.03057289123535,55.02000045776367,1000.0,380.0,0.34926390647888184,0.0,10.0,1.000404715538025,1.000404715538025,1.000404715538025,0.00040471553802490234,0.0,nan,0.3629295229911804,7620000.0,-0.014497771859169006,0.00033985357731580734,-2.7656554824062596e-09,0.01782924495637417,0.000355033203959465,2.674206495285034,43921.58984375,86.63323974609375,6.282914161682129,92.91620635986328,215.2477264404297,0.6904582977294922,0.28610363602638245,0.3025210499763489,0.0419522225856781,0.41436782479286194
27.02088165283203,54.70000076293945,1000.0,381.0,0.34587645530700684,0.0,10.0,1.0009583234786987,1.0009583234786987,1.0009583234786987,0.0009583234786987305,0.0,nan,0.36117321252822876,7640000.0,-0.014265256933867931,0.00023251492530107498,-3.814697446813398e-09,0.018542731180787086,0.0007134862244129181,2.688399314880371,44012.875,85.11631774902344,6.149489879608154,91.265869140625,219.1400146484375,0.714354395866394,0.29663366079330444,0.17548833787441254,0.03919244557619095,0.4152471721172333
26.91645050048828,50.41999816894531,1000.0,382.0,0.3419345021247864,0.0,10.0,1.0004125833511353,1.0004125833511353,1.0004125833511353,0.0004125833511352539,0.0,nan,0.3595793843269348,7660000.0,-0.01445115264505148,-0.00018589571118354797,-1.7166137400437265e-09,0.0173621978610754,-0.0011805333197116852,2.694568634033203,44104.37890625,85.31189727783203,6.171470642089844,91.4834213256836,218.61886596679688,0.7025232911109924,0.29271411895751953,0.20490120351314545,0.04052363336086273,0.4166611433029175
26.699716567993164,56.5,1000.0,383.0,0.3387327492237091,0.0,10.0,1.0004210472106934,1.0004210472106934,1.0004210472106934,0.00042110681533813477,0.0,nan,0.3585242033004761,7680000.0,-0.014631465077400208,-0.00018031243234872818,-4.577636936176077e-09,0.01634903997182846,-0.0010131578892469406,2.6880526542663574,44192.109375,81.64373016357422,6.071699142456055,87.7154769897461,228.0099639892578,0.6879306435585022,0.2880679965019226,0.2341083586215973,0.04226107522845268,0.4187456965446472
26.7917537689209,58.880001068115234,1000.0,384.0,0.34103262424468994,0.0,10.0,1.0012357234954834,1.0012357234954834,1.0012357234954834,0.001235663890838623,0.0,nan,0.35972946882247925,7700000.0,-0.01495006401091814,-0.0003185989335179329,-3.7193297330873065e-09,0.018913067877292633,0.0025640279054641724,2.6787056922912598,44280.17578125,81.65676879882812,6.391444206237793,88.04827117919922,227.1481475830078,0.6912104487419128,0.29613807797431946,0.21127822995185852,0.04186096787452698,0.4284340441226959
26.75430679321289,57.5,1000.0,385.0,0.34371650218963623,0.0,10.0,0.9996838569641113,0.9996838569641113,0.9996838569641113,0.0003161132335662842,0.0,nan,0.36106228828430176,7720000.0,-0.013667377643287182,0.0012826863676309586,4.1961669694501325e-09,0.018559692427515984,-0.0003533754497766495,2.673725128173828,44367.9453125,81.45164489746094,6.299221038818359,87.75091552734375,227.91787719726562,0.7268273830413818,0.30521848797798157,0.17010170221328735,0.03785884380340576,0.4199325740337372
26.9327449798584,58.0,1000.0,386.0,0.3426275849342346,0.0,10.0,1.0010998249053955,1.0010998249053955,1.0010998249053955,0.0010998249053955078,0.0,nan,0.36073029041290283,7740000.0,-0.014775233343243599,-0.001107855699956417,1.1444092340440193e-09,0.01702410727739334,-0.0015355851501226425,2.6805756092071533,44456.515625,82.20325469970703,6.345428466796875,88.54873657226562,225.86434936523438,0.6788899302482605,0.3005300760269165,0.19755828380584717,0.04339414834976196,0.44267868995666504
26.874494552612305,58.220001220703125,1000.0,387.0,0.3410571217536926,0.0,10.0,0.9996182918548584,0.9996182918548584,0.9996182918548584,0.00038173794746398926,0.0,nan,0.3601340353488922,7760000.0,-0.013778251595795155,0.0009969817474484444,-3.9577483512687195e-09,0.01950080320239067,0.0024766959249973297,2.6850082874298096,44550.16015625,87.44454193115234,6.184492111206055,93.62908172607422,213.60887145996094,0.723556399345398,0.2825309634208679,0.25484293699264526,0.038201913237571716,0.3904753029346466
27.13888931274414,56.400001525878906,1000.0,388.0,0.33974653482437134,0.0,10.0,0.9999386668205261,0.9999386668205261,0.9999386668205261,6.133317947387695e-05,0.0,nan,0.3597524166107178,7780000.0,-0.016178011894226074,-0.0023997602984309196,7.629394338515283e-10,0.01761465333402157,-0.0018861498683691025,2.693281412124634,44638.90234375,82.32438659667969,6.396400451660156,88.72084045410156,225.42620849609375,0.6444749236106873,0.2895060181617737,0.24708545207977295,0.048152390867471695,0.4492122232913971
27.209980010986328,55.599998474121094,1000.0,389.0,0.3394933342933655,0.0,10.0,1.0004161596298218,1.0004161596298218,1.0004161596298218,0.00041615962982177734,0.0,nan,0.3596923351287842,7800000.0,-0.015573745593428612,0.0006042663007974625,-1.3351439953623867e-09,0.0192351583391428,0.001620505005121231,2.6972272396087646,44728.0859375,82.6548080444336,6.508182525634766,89.16304779052734,224.30819702148438,0.6789945363998413,0.3031708300113678,0.2026747167110443,0.04338077828288078,0.44649970531463623
27.049436569213867,53.15999984741211,1000.0,390.0,0.3423132598400116,0.0,10.0,0.9993302226066589,0.9993302226066589,0.9993302226066589,0.0006697773933410645,0.0,nan,0.3604313135147095,7820000.0,-0.014541596174240112,0.0010321494191884995,-4.291534239087014e-09,0.01792689971625805,-0.0013082586228847504,2.688094139099121,44816.44140625,81.97384643554688,6.357780456542969,88.33168029785156,226.4193572998047,0.6942867040634155,0.2860836982727051,0.23289044201374054,0.0414908304810524,0.4120541512966156
26.877458572387695,57.040000915527344,1000.0,391.0,0.3477349281311035,0.0,10.0,1.0007071495056152,1.0007071495056152,1.0007071495056152,0.0007072091102600098,0.0,nan,0.36215975880622864,7840000.0,-0.015083584003150463,-0.0005419878289103508,-9.536743617033494e-10,0.01788523979485035,-4.1659921407699585e-05,2.671947717666626,44904.7421875,82.14063262939453,6.13992166519165,88.28060150146484,226.55035400390625,0.6835764050483704,0.2858298122882843,0.21108171343803406,0.042801182717084885,0.4181387424468994
26.983379364013672,58.68000030517578,1000.0,392.0,0.35140252113342285,0.0,10.0,0.9991565346717834,0.9991565346717834,0.9991565346717834,0.0008434653282165527,0.0,nan,0.3635524809360504,7860000.0,-0.014022180810570717,0.0010614031925797462,6.008148201175345e-09,0.019143864512443542,0.001258624717593193,2.692129373550415,44997.390625,86.54834747314453,6.083969593048096,92.63236236572266,215.90728759765625,0.7128027677536011,0.294200599193573,0.24307164549827576,0.03936326503753662,0.41273778676986694
27.095659255981445,65.62000274658203,1000.0,393.0,0.350530743598938,0.0,10.0,1.0002400875091553,1.0002400875091553,1.0002400875091553,0.00024008750915527344,0.0,nan,0.36344555020332336,7880000.0,-0.01504423376172781,-0.001022052951157093,5.722046170220096e-10,0.01785447634756565,-0.0012893881648778915,2.7173361778259277,45084.40234375,80.73331451416016,6.257364273071289,86.99073028564453,229.90957641601562,0.6692932844161987,0.2969728410243988,0.28816887736320496,0.04464747756719589,0.4437111020088196
27.062297821044922,54.779998779296875,1000.0,394.0,0.3476724624633789,0.0,10.0,1.0007538795471191,1.0007538795471191,1.0007538795471191,0.000753939151763916,0.0,nan,0.36268889904022217,7900000.0,-0.01464875414967537,0.00039547961205244064,1.239776614703203e-09,0.01953183487057686,0.0016773585230112076,2.7067465782165527,45171.83203125,81.34168243408203,6.068055152893066,87.40978240966797,228.80735778808594,0.6944302320480347,0.2911725342273712,0.2975199818611145,0.04147368296980858,0.41929709911346436
27.052772521972656,51.040000915527344,1000.0,395.0,0.34810441732406616,0.0,10.0,1.0003633499145508,1.0003633499145508,1.0003633499145508,0.00036340951919555664,0.0,nan,0.3628373444080353,7920000.0,-0.01550247985869646,-0.0008537257090210915,-2.145767175054658e-10,0.018283061683177948,-0.0012487731873989105,2.683506965637207,45259.36328125,81.149169921875,6.3622822761535645,87.51150512695312,228.54139709472656,0.6763826012611389,0.2844005525112152,0.2390553206205368,0.04371646046638489,0.4204728901386261
26.926834106445312,51.5,1000.0,396.0,0.34838515520095825,0.0,10.0,0.9993652105331421,0.9993652105331421,0.9993652105331421,0.0006347596645355225,0.0,nan,0.3622415363788605,7940000.0,-0.014316543005406857,0.0011859368532896042,-8.392333938900265e-09,0.017771083861589432,-0.0005119778215885162,2.669240713119507,45347.6953125,81.69818115234375,6.610286235809326,88.30852508544922,226.47872924804688,0.7042156457901001,0.29539382457733154,0.18167276680469513,0.04032909870147705,0.419465035200119
26.62114906311035,51.959999084472656,1000.0,397.0,0.34598857164382935,0.0,10.0,0.9998611211776733,0.9998611211776733,0.9998611211776733,0.00013890862464904785,0.0,nan,0.3607080578804016,7960000.0,-0.01438680849969387,-7.026549428701401e-05,4.386901952813105e-09,0.01823827438056469,0.0004671905189752579,2.6594676971435547,45435.34765625,81.46244812011719,6.171642303466797,87.63414001464844,228.22158813476562,0.6963869333267212,0.28610846400260925,0.2230374813079834,0.04124094545841217,0.4108469486236572
26.718042373657227,55.040000915527344,1000.0,398.0,0.34665408730506897,0.0,10.0,1.0009076595306396,1.0009076595306396,1.0009076595306396,0.0009077190770767629,0.0,nan,0.36112359166145325,7980000.0,-0.0157769862562418,-0.0013901777565479279,2.2888184680880386e-09,0.018163975328207016,-7.429905235767365e-05,2.7017855644226074,45524.34375,82.5195541381836,6.457336902618408,88.97694396972656,224.77735900878906,0.668511688709259,0.2896677851676941,0.2682054042816162,0.04475194215774536,0.4333024322986603
26.738130569458008,61.619998931884766,1000.0,399.0,0.3489041030406952,0.0,10.0,1.000596523284912,1.000596523284912,1.000596523284912,0.0005965828895568848,0.0,nan,0.3624601364135742,8000000.0,-0.014438197016716003,0.001338789239525795,7.629394338515283e-10,0.01804456114768982,-0.00011941418051719666,2.6756770610809326,45612.359375,81.81004333496094,6.186197757720947,87.99628448486328,227.28233337402344,0.6919340491294861,0.29936155676841736,0.1844858080148697,0.04177346080541611,0.4326445758342743
27.075986862182617,59.15999984741211,1000.0,400.0,0.34890860319137573,0.0,10.0,1.0008957386016846,1.0008957386016846,1.0008957386016846,0.0008957982063293457,0.0,nan,0.3625089228153229,8020000.0,-0.01614214852452278,-0.001703951507806778,-4.577636936176077e-09,0.017860721796751022,-0.000183839350938797,2.683579206466675,45700.7890625,82.05496978759766,6.3520917892456055,88.40714263916016,226.22608947753906,0.605242133140564,0.2761692404747009,0.25538545846939087,0.05459734797477722,0.45629554986953735
26.76787567138672,68.12000274658203,1000.0,401.0,0.3490719795227051,0.0,10.0,0.9990394115447998,0.9990394115447998,0.9990394115447998,0.0009605884552001953,0.0,nan,0.36237919330596924,8040000.0,-0.015276789665222168,0.0008653588593006134,-3.051757735406113e-09,0.016254276037216187,-0.0016064457595348358,2.677208185195923,45788.69921875,81.75419616699219,6.135604381561279,87.88984680175781,227.55758666992188,0.6494866013526917,0.30146172642707825,0.19472569227218628,0.04741213098168373,0.46415385603904724
26.794950485229492,64.04000091552734,1000.0,402.0,0.3493659496307373,0.0,10.0,0.9994862079620361,0.9994862079620361,0.9994862079620361,0.0005137622356414795,0.0,nan,0.36261284351348877,8060000.0,-0.014986647292971611,0.00029014237225055695,-2.861023085110048e-10,0.017763355746865273,0.001509079709649086,2.6804230213165283,45876.796875,81.855224609375,6.225542068481445,88.08081817626953,227.064208984375,0.6728665232658386,0.2829359471797943,0.24216212332248688,0.04417454078793526,0.42049336433410645
26.8564453125,63.02000045776367,1000.0,403.0,0.3485381603240967,0.0,10.0,0.9994804859161377,0.9994804859161377,0.9994804859161377,0.0005195438861846924,0.0,nan,0.36255329847335815,8080000.0,-0.01537405140697956,-0.00038740411400794983,2.6702879907247734e-09,0.01900382898747921,0.0012404732406139374,2.675992488861084,45965.71875,82.45796966552734,6.442222595214844,88.9002685546875,224.97122192382812,0.6687120199203491,0.30293354392051697,0.2155562937259674,0.04472512751817703,0.4530104696750641
26.85220718383789,55.0,1000.0,404.0,0.34661632776260376,0.0,10.0,0.9993693232536316,0.9993693232536316,0.9993693232536316,0.0006306767463684082,0.0,nan,0.3622017502784729,8100000.0,-0.015418127179145813,-4.4075772166252136e-05,2.6702879907247734e-09,0.0190905574709177,8.672848343849182e-05,2.676103353500366,46057.65234375,85.73877716064453,6.174561023712158,91.91339111328125,217.59616088867188,0.6710011959075928,0.2902797758579254,0.20181697607040405,0.044420480728149414,0.43260690569877625
27.179738998413086,57.86000061035156,1000.0,405.0,0.3454606533050537,0.0,10.0,0.9999547004699707,0.9999547004699707,0.9999547004699707,4.52697386208456e-05,0.0,nan,0.3618084788322449,8120000.0,-0.014663144014775753,0.00075498316437006,-6.675720420901143e-09,0.020032182335853577,0.0009416248649358749,2.6774802207946777,46149.6875,85.79175567626953,6.225739479064941,92.01754760742188,217.34986877441406,0.6869052648544312,0.2934858202934265,0.20538441836833954,0.04238734394311905,0.42725813388824463
27.194236755371094,53.459999084472656,1000.0,406.0,0.3464828431606293,0.0,10.0,1.0006215572357178,1.0006215572357178,1.0006215572357178,0.0006216168403625488,0.0,nan,0.36232632398605347,8140000.0,-0.015498693101108074,-0.0008355490863323212,-6.103515470812226e-09,0.018644370138645172,-0.0013878121972084045,2.709733247756958,46237.609375,81.7386245727539,6.161442756652832,87.9001235961914,227.531005859375,0.6603806018829346,0.2992071211338043,0.20602788031101227,0.045860759913921356,0.45308277010917664
27.000503540039062,57.560001373291016,1000.0,407.0,0.34914547204971313,0.0,10.0,1.0000474452972412,1.0000474452972412,1.0000474452972412,4.738572897622362e-05,0.0,nan,0.3636499345302582,8160000.0,-0.015934722498059273,-0.0004360293969511986,-3.433227480087453e-09,0.01772899180650711,-0.0009153783321380615,2.7079479694366455,46326.36328125,82.49356079101562,6.242509841918945,88.73612213134766,225.38739013671875,0.6495087146759033,0.30079248547554016,0.24025070667266846,0.04740890488028526,0.4631076753139496
26.7343692779541,54.86000061035156,1000.0,408.0,0.3487357497215271,0.0,10.0,1.0001294612884521,1.0001294612884521,1.0001294612884521,0.00012940169835928828,0.0,nan,0.36366337537765503,8180000.0,-0.014967558905482292,0.0009671635925769806,7.629394338515283e-10,0.019046761095523834,0.0013177692890167236,2.7031970024108887,46413.91796875,81.4725112915039,6.063474655151367,87.5360336303711,228.47735595703125,0.6540937423706055,0.2923458218574524,0.22860537469387054,0.04674658924341202,0.4469479024410248
26.880826950073242,51.47999954223633,1000.0,409.0,0.344359815120697,0.0,10.0,1.000969648361206,1.000969648361206,1.000969648361206,0.0009697079658508301,0.0,nan,0.3619769513607025,8200000.0,-0.0151081383228302,-0.00014057941734790802,-4.386901952813105e-09,0.017000382766127586,-0.002046378329396248,2.702101230621338,46501.609375,81.43968200683594,6.232912063598633,87.67264556884766,228.121337890625,0.6915321946144104,0.2930991053581238,0.20468729734420776,0.04182202368974686,0.42384010553359985
26.879819869995117,46.939998626708984,1000.0,410.0,0.34397727251052856,0.0,10.0,1.0003273487091064,1.0003273487091064,1.0003273487091064,0.0003274083137512207,0.0,nan,0.3619159758090973,8220000.0,-0.015666337683796883,-0.0005581993609666824,1.6689301052252858e-09,0.01823963224887848,0.0012392494827508926,2.6955010890960693,46589.375,81.59026336669922,6.156713008880615,87.74702453613281,227.927978515625,0.6216068863868713,0.2914699614048004,0.25636953115463257,0.0517604723572731,0.4688974916934967
26.854413986206055,46.540000915527344,1000.0,411.0,0.34457898139953613,0.0,10.0,1.00111722946167,1.00111722946167,1.00111722946167,0.0011172890663146973,0.0,nan,0.36218518018722534,8240000.0,-0.019204167649149895,-0.003537829965353012,-2.9087066089061864e-09,0.017493583261966705,-0.0007460489869117737,2.6970345973968506,46676.6171875,80.88582611083984,6.340218544006348,87.2260971069336,229.28919982910156,0.6269674897193909,0.29695212841033936,0.2462318241596222,0.05087915062904358,0.47363248467445374
26.728065490722656,50.119998931884766,1000.0,412.0,0.3429720997810364,0.0,10.0,1.0007619857788086,1.0007619857788086,1.0007619857788086,0.0007619261741638184,0.0,nan,0.361203670501709,8260000.0,-0.015316267497837543,0.0038879001513123512,-5.435943695175638e-09,0.016278624534606934,-0.0012149587273597717,2.6840884685516357,46763.88671875,81.05176544189453,6.2008056640625,87.25261688232422,229.21949768066406,0.6637158393859863,0.2838221788406372,0.21533319354057312,0.04540100693702698,0.4276260435581207
26.906410217285156,51.18000030517578,1000.0,413.0,0.3426656126976013,0.0,10.0,0.9999750852584839,0.9999750852584839,0.9999750852584839,2.491474151611328e-05,0.0,nan,0.36122509837150574,8280000.0,-0.014849180355668068,0.00046708714216947556,1.3351439953623867e-09,0.019210701808333397,0.0029320772737264633,2.6737077236175537,46850.7890625,80.51469421386719,6.368985176086426,86.88372802734375,230.19271850585938,0.7003253698348999,0.29322731494903564,0.18609680235385895,0.040778398513793945,0.41870155930519104
26.987010955810547,52.86000061035156,1000.0,414.0,0.3414887487888336,0.0,10.0,1.0007750988006592,1.0007750988006592,1.0007750988006592,0.0007750988006591797,0.0,nan,0.36101675033569336,8300000.0,-0.014925142750144005,-7.596239447593689e-05,-3.814697446813398e-09,0.017392979934811592,-0.0018177218735218048,2.6714706420898438,46943.5625,86.56466674804688,6.188729286193848,92.75344848632812,215.62542724609375,0.6948840022087097,0.29775339365005493,0.20611856877803802,0.04141953960061073,0.4284937083721161
27.100698471069336,49.119998931884766,1000.0,415.0,0.3399582803249359,0.0,10.0,1.0000178813934326,1.0000178813934326,1.0000178813934326,1.794109630282037e-05,0.0,nan,0.3606337308883667,8320000.0,-0.014322878792881966,0.0006022639572620392,4.482269222449986e-09,0.020487995818257332,0.0030950158834457397,2.6664164066314697,47031.77734375,81.97354125976562,6.22104024887085,88.19464111328125,226.77117919921875,0.6793333292007446,0.290203720331192,0.19021901488304138,0.04333752021193504,0.4271889925003052
26.84642791748047,51.13999938964844,1000.0,416.0,0.3359431028366089,0.0,10.0,1.0012226104736328,1.0012226104736328,1.0012226104736328,0.0012226700782775879,0.0,nan,0.35949182510375977,8340000.0,-0.01649082824587822,-0.002167949452996254,9.536742923144104e-11,0.017117435112595558,-0.0033705607056617737,2.66389536857605,47121.08203125,82.84071350097656,6.447211265563965,89.28797912597656,223.9943389892578,0.6312742829322815,0.3006107807159424,0.2254648208618164,0.050187285989522934,0.4761967957019806
26.996597290039062,52.34000015258789,1000.0,417.0,0.3297904431819916,0.0,10.0,0.999231219291687,0.999231219291687,0.999231219291687,0.000768810510635376,0.0,nan,0.357809841632843,8360000.0,-0.015847114846110344,0.0006437133997678757,2.1934509764065524e-09,0.020291050896048546,0.0031736157834529877,2.6732285022735596,47209.734375,82.3836898803711,6.250168800354004,88.6339111328125,225.6472930908203,0.6454883813858032,0.29320892691612244,0.2365492284297943,0.048001304268836975,0.45424360036849976
26.937406539916992,57.02000045776367,1000.0,418.0,0.32463085651397705,0.0,10.0,1.0018796920776367,1.0018796920776367,1.0018796920776367,0.0018796920776367188,0.0,nan,0.3560892939567566,8380000.0,-0.015148387290537357,0.0006987275555729866,-6.103515470812226e-09,0.017667653039097786,-0.00262339785695076,2.6677327156066895,47297.43359375,81.53680419921875,6.143190860748291,87.68004608154297,228.1020965576172,0.6741563081741333,0.2982081174850464,0.2581864595413208,0.04400566965341568,0.4423427879810333
26.99962615966797,54.86000061035156,1000.0,419.0,0.32719147205352783,0.0,10.0,1.0000827312469482,1.0000827312469482,1.0000827312469482,8.273124694824219e-05,0.0,nan,0.3565908670425415,8400000.0,-0.015439539216458797,-0.0002911519259214401,0.0,0.02040773071348667,0.0027400776743888855,2.685086488723755,47385.60546875,81.85772705078125,6.295630931854248,88.15341186523438,226.87722778320312,0.6714631915092468,0.29528486728668213,0.2518391013145447,0.04435937851667404,0.4397634267807007
26.919082641601562,60.34000015258789,1000.0,420.0,0.3327418565750122,0.0,10.0,1.0009502172470093,1.0009502172470093,1.0009502172470093,0.0009502172470092773,0.0,nan,0.3585984706878662,8420000.0,-0.014486012049019337,0.0009535271674394608,2.0980834847250662e-09,0.01992664858698845,-0.00048108212649822235,2.6525275707244873,47477.3828125,85.42161560058594,6.3358917236328125,91.75756072998047,217.96571350097656,0.6801815032958984,0.28289180994033813,0.22016917169094086,0.04322950541973114,0.4159063398838043
27.128568649291992,64.0,1000.0,421.0,0.33226242661476135,0.0,10.0,1.0000344514846802,1.0000344514846802,1.0000344514846802,3.445148468017578e-05,0.0,nan,0.35874223709106445,8440000.0,-0.015095701441168785,-0.0006096893921494484,7.629394893626795e-09,0.0178998913615942,-0.002026757225394249,2.6776278018951416,47569.6875,86.15447235107422,6.129241943359375,92.28376007080078,216.72288513183594,0.6740217208862305,0.29313308000564575,0.2049092799425125,0.04402325302362442,0.4349014163017273
27.186195373535156,64.76000213623047,1000.0,422.0,0.3326377272605896,0.0,10.0,0.9997864961624146,0.9997864961624146,0.9997864961624146,0.00021347403526306152,0.0,nan,0.35886532068252563,8460000.0,-0.01477942243218422,0.00031627900898456573,-4.148483334631692e-09,0.018597599118947983,0.0006977077573537827,2.6661529541015625,47661.76171875,85.88275146484375,6.176164627075195,92.05896759033203,217.2520751953125,0.6698606610298157,0.2957465648651123,0.23493880033493042,0.044571880251169205,0.441504567861557
26.773963928222656,54.619998931884766,1000.0,423.0,0.33136963844299316,0.0,10.0,1.0009818077087402,1.0009818077087402,1.0009818077087402,0.0009818673133850098,0.0,nan,0.3581351041793823,8480000.0,-0.012815475463867188,0.001963946968317032,0.0,0.020700138062238693,0.0021025389432907104,2.6757514476776123,47749.85546875,81.76294708251953,6.311886787414551,88.07488250732422,227.07952880859375,0.762904167175293,0.27860814332962036,0.23586484789848328,0.034362904727458954,0.36519405245780945
26.79500961303711,61.459999084472656,1000.0,424.0,0.3260776102542877,0.0,10.0,1.0002820491790771,1.0002820491790771,1.0002820491790771,0.00028210878372192383,0.0,nan,0.35629770159721375,8500000.0,-0.014019970782101154,-0.0012044953182339668,-2.6702879907247734e-09,0.019087158143520355,-0.001612979918718338,2.6860735416412354,47836.75,80.7560806274414,6.1179914474487305,86.8741226196289,230.21817016601562,0.6879960298538208,0.2960326373577118,0.20084944367408752,0.0422530397772789,0.4302824139595032
26.849288940429688,61.34000015258789,1000.0,425.0,0.3212510943412781,0.0,10.0,0.9994978904724121,0.9994978904724121,0.9994978904724121,0.0005021393299102783,0.0,nan,0.35488036274909973,8520000.0,-0.014802437275648117,-0.0007824664935469627,1.0490417423625331e-09,0.020272547379136086,0.0011853892356157303,2.670058250427246,47924.9296875,81.4829330444336,6.676687240600586,88.15966796875,226.8611297607422,0.6607509255409241,0.2951706647872925,0.2108440399169922,0.045809369534254074,0.44672009348869324
27.10503578186035,57.599998474121094,1000.0,426.0,0.31683701276779175,0.0,10.0,1.0008829832077026,1.0008829832077026,1.0008829832077026,0.0008829832077026367,0.0,nan,0.3536204695701599,8540000.0,-0.01496825274080038,-0.00016581546515226364,2.574920721087892e-09,0.018122069537639618,-0.0021504778414964676,2.690173387527466,48012.70703125,81.36309051513672,6.396259307861328,87.7593994140625,227.89584350585938,0.6757782697677612,0.2923562824726105,0.2561204433441162,0.04379468783736229,0.43262165784835815
26.798307418823242,63.880001068115234,1000.0,427.0,0.31296995282173157,0.0,10.0,1.0006442070007324,1.0006442070007324,1.0006442070007324,0.0006442666053771973,0.0,nan,0.3522774577140808,8560000.0,-0.016602065414190292,-0.0016338126733899117,3.051757735406113e-09,0.016148656606674194,-0.0019734129309654236,2.6962380409240723,48100.78515625,81.7943115234375,6.266562461853027,88.06092834472656,227.11550903320312,0.6227099895477295,0.2989000678062439,0.2270033359527588,0.05157725512981415,0.4799988865852356
26.515480041503906,63.81999969482422,1000.0,428.0,0.31383782625198364,0.0,10.0,1.0002620220184326,1.0002620220184326,1.0002620220184326,0.0002620816230773926,0.0,nan,0.35227084159851074,8580000.0,-0.01712701842188835,-0.0005249530076980591,6.484985437538171e-09,0.01822897233068943,0.002080315724015236,2.6715469360351562,48192.63671875,85.70767974853516,6.121789455413818,91.82952880859375,217.79489135742188,0.6381426453590393,0.2781847417354584,0.3067918121814728,0.04911275953054428,0.4359287619590759
26.676830291748047,50.099998474121094,1000.0,429.0,0.317585289478302,0.0,10.0,1.0006036758422852,1.0006036758422852,1.0006036758422852,0.0006037354469299316,0.0,nan,0.35325533151626587,8600000.0,-0.016270898282527924,0.0008561201393604279,1.1444092340440193e-09,0.02068270556628704,0.0024537332355976105,2.6899516582489014,48284.48828125,85.45148468017578,6.382482051849365,91.83402252197266,217.78424072265625,0.631188154220581,0.28216928243637085,0.3004354238510132,0.05020098388195038,0.44704458117485046
26.60504913330078,49.880001068115234,1000.0,430.0,0.318233847618103,0.0,10.0,0.9999721050262451,0.9999721050262451,0.9999721050262451,2.792479244817514e-05,0.0,nan,0.3535042405128479,8620000.0,-0.015841886401176453,0.00042901188135147095,-3.1471252270875993e-09,0.019193798303604126,-0.0014889072626829147,2.6535089015960693,48372.4921875,81.62983703613281,6.356222629547119,87.98611450195312,227.30860900878906,0.6276565194129944,0.2857706844806671,0.2799328565597534,0.050767503678798676,0.4552977681159973
26.478242874145508,52.7599983215332,1000.0,431.0,0.3132742941379547,0.0,10.0,1.0008695125579834,1.0008695125579834,1.0008695125579834,0.0008695721044205129,0.0,nan,0.35158854722976685,8640000.0,-0.014168658293783665,0.001673228107392788,-1.034736651917001e-08,0.019292917102575302,9.911879897117615e-05,2.659956216812134,48460.69921875,81.81690979003906,6.367869853973389,88.18482971191406,226.79640197753906,0.7162618637084961,0.2715747058391571,0.23269237577915192,0.03898398205637932,0.37915560603141785
26.478069305419922,55.13999938964844,1000.0,432.0,0.3081585764884949,0.0,10.0,1.0002739429473877,1.0002739429473877,1.0002739429473877,0.0002738833427429199,0.0,nan,0.34962767362594604,8660000.0,-0.016337791457772255,-0.0021691331639885902,-1.5258788677030566e-09,0.018016278743743896,-0.0012766383588314056,2.6575121879577637,48553.03515625,86.00924682617188,6.308091163635254,92.31739807128906,216.64390563964844,0.6313904523849487,0.27956482768058777,0.2830302119255066,0.05016881227493286,0.4427764415740967
26.926708221435547,59.959999084472656,1000.0,433.0,0.30506956577301025,0.0,10.0,0.9993476867675781,0.9993476867675781,0.9993476867675781,0.0006523430347442627,0.0,nan,0.34870797395706177,8680000.0,-0.015780644491314888,0.0005571469664573669,5.7220459481754915e-09,0.018129298463463783,0.00011301971971988678,2.659532308578491,48640.1015625,80.76805114746094,6.277788162231445,87.04588317871094,229.76390075683594,0.6358433961868286,0.28421440720558167,0.24584037065505981,0.049468591809272766,0.44698798656463623
26.970247268676758,60.380001068115234,1000.0,434.0,0.3054577112197876,0.0,10.0,1.0007646083831787,1.0007646083831787,1.0007646083831787,0.0007645487785339355,0.0,nan,0.3489106297492981,8700000.0,-0.015881339088082314,-0.00010069459676742554,-7.629394338515283e-10,0.01655944623053074,-0.0015698522329330444,2.6788835525512695,48727.66796875,81.41987609863281,6.128302574157715,87.54823303222656,228.44554138183594,0.6474091410636902,0.2924249470233917,0.22283823788166046,0.0477169007062912,0.4516848921775818
26.842296600341797,53.20000076293945,1000.0,435.0,0.30315664410591125,0.0,10.0,0.9997820854187012,0.9997820854187012,0.9997820854187012,0.00021788477897644043,0.0,nan,0.34823864698410034,8720000.0,-0.014935691840946674,0.0009456472471356392,3.8146971692576415e-10,0.017844416201114655,0.0012849699705839157,2.6802334785461426,48819.37890625,85.60745239257812,6.08604621887207,91.69354248046875,218.11788940429688,0.6521239280700684,0.28482961654663086,0.23507212102413177,0.04702942073345184,0.43677225708961487
26.750093460083008,45.68000030517578,1000.0,436.0,0.2972846031188965,0.0,10.0,1.001384973526001,1.001384973526001,1.001384973526001,0.001385033130645752,0.0,nan,0.34631210565567017,8740000.0,-0.016563380137085915,-0.0016276882961392403,2.0980834847250662e-09,0.018935125321149826,0.0010907091200351715,2.6803195476531982,48907.52734375,81.45301818847656,6.677541732788086,88.130615234375,226.93592834472656,0.6257155537605286,0.29142647981643677,0.2863996922969818,0.051082953810691833,0.46574923396110535
26.9899845123291,49.15999984741211,1000.0,437.0,0.29567283391952515,0.0,10.0,0.9998527765274048,0.9998527765274048,0.9998527765274048,0.00014722347259521484,0.0,nan,0.3455199599266052,8760000.0,-0.015348675660789013,0.0012147044762969017,7.438659466174613e-09,0.01765233837068081,-0.001282786950469017,2.690502643585205,48995.65625,81.97904205322266,6.129781723022461,88.10887908935547,226.99191284179688,0.6443080306053162,0.29381805658340454,0.25746214389801025,0.0481773316860199,0.45602110028266907
26.949880599975586,54.5,1000.0,438.0,0.2955942153930664,0.0,10.0,1.0008527040481567,1.0008527040481567,1.0008527040481567,0.0008527040481567383,0.0,nan,0.3454989194869995,8780000.0,-0.01590380072593689,-0.0005551250651478767,-4.00543198608716e-09,0.016338961198925972,-0.001313377171754837,2.653491973876953,49083.05078125,81.08184814453125,6.290698051452637,87.37259674072266,228.90475463867188,0.6405881643295288,0.2783409059047699,0.3171416223049164,0.04873849079012871,0.434508353471756
27.094892501831055,51.31999969482422,1000.0,439.0,0.29462528228759766,0.0,10.0,0.999791145324707,0.999791145324707,0.999791145324707,0.00020882487297058105,0.0,nan,0.34579968452453613,8800000.0,-0.01442478597164154,0.0014790147542953491,-4.1961669694501325e-09,0.01978403888642788,0.0034450776875019073,2.676546812057495,49171.59375,82.31080627441406,6.212893009185791,88.52375030517578,225.9281005859375,0.6955766677856445,0.27851366996765137,0.20919500291347504,0.041337087750434875,0.40040674805641174
27.24567222595215,49.040000915527344,1000.0,440.0,0.29448074102401733,0.0,10.0,0.9996591806411743,0.9996591806411743,0.9996591806411743,0.0003408193588256836,0.0,nan,0.3461293578147888,8820000.0,-0.01695460081100464,-0.002529814839363098,3.7193297330873065e-09,0.020083386451005936,0.00029934756457805634,2.688507318496704,49259.1171875,81.36988830566406,6.134700775146484,87.50463104248047,228.55935668945312,0.6396002769470215,0.2817949950695038,0.2585616111755371,0.04888916015625,0.4405798614025116
26.946203231811523,45.7599983215332,1000.0,441.0,0.2950893044471741,0.0,10.0,0.9993730783462524,0.9993730783462524,0.9993730783462524,0.0006268918514251709,0.0,nan,0.34622472524642944,8840000.0,-0.015049772337079048,0.0019048284739255905,5.054473728449693e-09,0.016847053542733192,-0.0032363329082727432,2.653046131134033,49347.15234375,81.70639038085938,6.309849739074707,88.01629638671875,227.2306671142578,0.6489970684051514,0.290425181388855,0.25092580914497375,0.04748368263244629,0.4474984407424927
26.93108558654785,49.97999954223633,1000.0,442.0,0.29478102922439575,0.0,10.0,1.0009346008300781,1.0009346008300781,1.0009346008300781,0.0009346604347229004,0.0,nan,0.34591132402420044,8860000.0,-0.016241129487752914,-0.0011913571506738663,-2.38418573772492e-09,0.01863698847591877,0.0017899349331855774,2.6424365043640137,49434.79296875,81.18717956542969,6.436955451965332,87.62418365478516,228.2475128173828,0.6387158632278442,0.2862556576728821,0.29575467109680176,0.04902464896440506,0.4481736719608307
26.92757797241211,55.900001525878906,1000.0,443.0,0.29611092805862427,0.0,10.0,1.0007438659667969,1.0007438659667969,1.0007438659667969,0.000743865966796875,0.0,nan,0.34606778621673584,8880000.0,-0.015560620464384556,0.0006805090233683586,2.8610229740877458e-09,0.01711873710155487,-0.0015182513743638992,2.6621034145355225,49523.0390625,81.6474380493164,6.5800557136535645,88.22754669189453,226.6865997314453,0.6567819118499756,0.2923310101032257,0.2066011279821396,0.04636470973491669,0.44509613513946533
26.950117111206055,63.86000061035156,1000.0,444.0,0.2958739399909973,0.0,10.0,1.0007944107055664,1.0007944107055664,1.0007944107055664,0.0007944107055664062,0.0,nan,0.3455941677093506,8900000.0,-0.016779424622654915,-0.001218804158270359,-1.0192394706010077e-09,0.018191354349255562,0.0010726172477006912,2.673856735229492,49616.51171875,86.97600555419922,6.476778030395508,93.45284271240234,214.01170349121094,0.6145073175430298,0.28997209668159485,0.2189442217350006,0.052963390946388245,0.47187742590904236
27.096847534179688,60.400001525878906,1000.0,445.0,0.29248350858688354,0.0,10.0,1.0002046823501587,1.0002046823501587,1.0002046823501587,0.0002046823501586914,0.0,nan,0.3441959023475647,8920000.0,-0.01637399196624756,0.00040543265640735626,-2.0980834847250662e-09,0.019136318936944008,0.000944964587688446,2.6791343688964844,49704.19140625,81.35431671142578,6.305899143218994,87.66027069091797,228.15354919433594,0.6267223954200745,0.2860740125179291,0.2551266849040985,0.050918951630592346,0.45646050572395325
27.176603317260742,50.939998626708984,1000.0,446.0,0.29312166571617126,0.0,10.0,1.0016427040100098,1.0016427040100098,1.0016427040100098,0.001642763614654541,0.0,nan,0.3444880247116089,8940000.0,-0.01563214138150215,0.0007418505847454071,-4.768371808516747e-10,0.018122175708413124,-0.0010141432285308838,2.7055749893188477,49792.203125,81.7222671508789,6.270077705383301,87.99240112304688,227.29238891601562,0.6637130379676819,0.29671746492385864,0.207241490483284,0.04540139436721802,0.4470568299293518
26.93524742126465,56.619998931884766,1000.0,447.0,0.2929094433784485,0.0,10.0,0.9996675848960876,0.9996675848960876,0.9996675848960876,0.0003324151039123535,0.0,nan,0.3448203504085541,8960000.0,-0.014743752777576447,0.000888388603925705,3.8146971692576415e-10,0.016671283170580864,-0.0014508925378322601,2.6884024143218994,49880.9140625,82.43803405761719,6.255558013916016,88.69364929199219,225.4953155517578,0.6525319814682007,0.28479254245758057,0.21098265051841736,0.046970613300800323,0.4364423453807831
26.9595947265625,63.7599983215332,1000.0,448.0,0.2882190942764282,0.0,10.0,1.0005544424057007,1.0005544424057007,1.0005544424057007,0.0005544424057006836,0.0,nan,0.343372642993927,8980000.0,-0.017903003841638565,-0.0031592510640621185,-6.008148201175345e-09,0.01862187497317791,0.001950591802597046,2.6944594383239746,49969.23828125,81.83565521240234,6.467844009399414,88.30355072021484,226.49148559570312,0.6324179172515869,0.2930373549461365,0.2385941743850708,0.05000593885779381,0.46336036920547485
26.99970054626465,58.900001525878906,1000.0,449.0,0.2840854227542877,0.0,10.0,0.998356819152832,0.998356819152832,0.998356819152832,0.0016431511612609029,0.0,nan,0.3416011333465576,9000000.0,-0.014967133291065693,0.002935870550572872,-1.8119812317252126e-09,0.01900162175297737,0.00037974677979946136,2.72149395942688,50056.6171875,81.24007415771484,6.122588157653809,87.36271667480469,228.93064880371094,0.6723348498344421,0.2770611643791199,0.25358569622039795,0.0442444384098053,0.4120881259441376
27.080469131469727,49.220001220703125,1000.0,450.0,0.2817389965057373,0.0,10.0,1.0006874799728394,1.0006874799728394,1.0006874799728394,0.0006874799728393555,0.0,nan,0.34042906761169434,9020000.0,-0.01661926694214344,-0.0016521336510777473,0.0,0.02014264091849327,0.0011410191655158997,2.6968836784362793,50144.3046875,81.37445831298828,6.292369842529297,87.66687774658203,228.1363525390625,0.6301595568656921,0.2907485067844391,0.19212916493415833,0.05036500096321106,0.4613887667655945
26.86652183532715,51.41999816894531,1000.0,451.0,0.28199756145477295,0.0,10.0,1.000719666481018,1.000719666481018,1.000719666481018,0.0007196664810180664,0.0,nan,0.34081125259399414,9040000.0,-0.01641707308590412,0.00020219385623931885,-5.722046170220096e-10,0.018809668719768524,-0.0013329721987247467,2.6972568035125732,50232.3046875,81.7608871459961,6.218320846557617,87.97925567626953,227.3263397216797,0.6432396173477173,0.28541648387908936,0.2617306113243103,0.04833751171827316,0.4437170922756195
26.842256546020508,59.52000045776367,1000.0,452.0,0.28696197271347046,0.0,10.0,1.000794768333435,1.000794768333435,1.000794768333435,0.0007947683334350586,0.0,nan,0.34342288970947266,9060000.0,-0.018330568447709084,-0.0019134953618049622,-1.3351439953623867e-09,0.017418518662452698,-0.0013911500573158264,2.6991705894470215,50319.4609375,81.00808715820312,6.126644611358643,87.13478088378906,229.5294952392578,0.5798850655555725,0.28829312324523926,0.2628878653049469,0.059476587921381,0.49715569615364075
26.921646118164062,63.119998931884766,1000.0,453.0,0.2893922030925751,0.0,10.0,1.0022238492965698,1.0022238492965698,1.0022238492965698,0.0022238492965698242,0.0,nan,0.3447171449661255,9080000.0,-0.01893187128007412,-0.000601302832365036,-2.479553229406406e-09,0.016901537775993347,-0.0005169808864593506,2.7040040493011475,50407.62890625,81.76566314697266,6.385689735412598,88.15140533447266,226.8824005126953,0.5596028566360474,0.2701328992843628,0.2971120774745941,0.06386606395244598,0.48272237181663513
27.16619110107422,53.34000015258789,1000.0,454.0,0.288396954536438,0.0,10.0,0.9982503652572632,0.9982503652572632,0.9982503652572632,0.001749664545059204,0.0,nan,0.344328373670578,9100000.0,-0.015471936203539371,0.003459935076534748,4.76837147544984e-09,0.018858574330806732,0.001957036554813385,2.7072789669036865,50495.02734375,81.10572814941406,6.272910118103027,87.37869262695312,228.88876342773438,0.6497666835784912,0.28415390849113464,0.22550198435783386,0.0473712682723999,0.43731677532196045
26.91454315185547,48.459999084472656,1000.0,455.0,0.2888067364692688,0.0,10.0,1.0000087022781372,1.0000087022781372,1.0000087022781372,8.702278137207031e-06,0.0,nan,0.34442371129989624,9120000.0,-0.015806056559085846,-0.00033412035554647446,3.7193297330873065e-09,0.018764998763799667,-9.357556700706482e-05,2.6979897022247314,50587.11328125,85.81829071044922,6.249349594116211,92.06768798828125,217.2314910888672,0.647871732711792,0.2870679795742035,0.18060071766376495,0.047648780047893524,0.44309383630752563
26.924644470214844,51.41999816894531,1000.0,456.0,0.2895866632461548,0.0,10.0,1.0010631084442139,1.0010631084442139,1.0010631084442139,0.0010631680488586426,0.0,nan,0.34402400255203247,9140000.0,-0.015956565737724304,-0.00015050917863845825,2.336502102906479e-09,0.017604142427444458,-0.0011608563363552094,2.6943325996398926,50673.98046875,80.76693725585938,6.080979347229004,86.84796142578125,230.2875213623047,0.6397602558135986,0.27470090985298157,0.2337268590927124,0.04886471480131149,0.4293810725212097
27.069387435913086,55.02000045776367,1000.0,457.0,0.2895660996437073,0.0,10.0,1.0002424716949463,1.0002424716949463,1.0002424716949463,0.00024241209030151367,0.0,nan,0.3433113396167755,9160000.0,-0.014897984452545643,0.0010585812851786613,-7.629394338515283e-10,0.018834097310900688,0.0012299548834562302,2.6963136196136475,50761.88671875,81.5486068725586,6.336729526519775,87.88538360595703,227.5691375732422,0.6789022088050842,0.2880356013774872,0.20169854164123535,0.04339257627725601,0.4242667257785797
27.1688175201416,56.279998779296875,1000.0,458.0,0.28853508830070496,0.0,10.0,0.998555600643158,0.998555600643158,0.998555600643158,0.001444399356842041,0.0,nan,0.3431663513183594,9180000.0,-0.015329298563301563,-0.0004313141107559204,5.722046170220096e-10,0.019663624465465546,0.0008295271545648575,2.68641996383667,50847.48828125,79.25559997558594,6.328728675842285,85.5843734741211,233.6875457763672,0.6539425253868103,0.2856639325618744,0.24710144102573395,0.046768203377723694,0.4368335008621216
26.342575073242188,53.15999984741211,1000.0,459.0,0.2877279818058014,0.0,10.0,0.9993566274642944,0.9993566274642944,0.9993566274642944,0.0006433725357055664,0.0,nan,0.3437643051147461,9200000.0,-0.015710748732089996,-0.0003814501687884331,-1.0108947456899386e-08,0.01897190883755684,-0.0006917156279087067,2.6608967781066895,50933.91796875,80.26170349121094,6.148902893066406,86.41065979003906,231.45294189453125,0.6537225842475891,0.25125980377197266,0.30479156970977783,0.0467996820807457,0.3843524754047394
26.547407150268555,55.15999984741211,1000.0,460.0,0.2891857624053955,0.0,10.0,1.0021517276763916,1.0021517276763916,1.0021517276763916,0.002151787281036377,0.0,nan,0.34521064162254333,9220000.0,-0.01815337873995304,-0.0024426300078630447,2.6702879907247734e-09,0.020940013229846954,0.0019681043922901154,2.6862435340881348,51023.6875,83.61798095703125,6.134197235107422,89.75223541259766,222.835693359375,0.6344712376594543,0.2791711390018463,0.28391799330711365,0.049682799726724625,0.44000598788261414
26.536270141601562,52.81999969482422,1000.0,461.0,0.28866153955459595,0.0,10.0,0.9995001554489136,0.9995001554489136,0.9995001554489136,0.0004998147487640381,0.0,nan,0.3456725478172302,9240000.0,-0.015701914206147194,0.002451464533805847,3.2424927187690855e-09,0.017503229901194572,-0.003436783328652382,2.6591720581054688,51108.609375,78.76006317138672,6.139440059661865,84.89955139160156,235.57254028320312,0.6166930794715881,0.2775496542453766,0.2951187193393707,0.05258861556649208,0.45006123185157776
27.204130172729492,53.58000183105469,1000.0,462.0,0.2857990264892578,0.0,10.0,1.0008260011672974,1.0008260011672974,1.0008260011672974,0.0008260011672973633,0.0,nan,0.3451029062271118,9260000.0,-0.01600758545100689,-0.00030567124485969543,-1.9073485846288207e-10,0.01963001862168312,0.0021267887204885483,2.685262441635132,51194.42578125,79.48419952392578,6.313724517822266,85.7979736328125,233.1057586669922,0.622698962688446,0.27130717039108276,0.22553032636642456,0.051579080522060394,0.4356955587863922
27.27322006225586,51.63999938964844,1000.0,463.0,0.2836616337299347,0.0,10.0,1.0001366138458252,1.0001366138458252,1.0001366138458252,0.0001366138458251953,0.0,nan,0.3444289565086365,9280000.0,-0.01595251075923443,5.507469177246094e-05,2.6702879907247734e-09,0.019817065447568893,0.0001870468258857727,2.6785178184509277,51280.2265625,79.6198501586914,6.164740562438965,85.78463745117188,233.14199829101562,0.6367222666740417,0.2869950532913208,0.27880340814590454,0.04933212697505951,0.45073819160461426
27.181955337524414,52.58000183105469,1000.0,464.0,0.2757379412651062,0.0,10.0,1.0005027055740356,1.0005027055740356,1.0005027055740356,0.0005027055740356445,0.0,nan,0.3421677350997925,9300000.0,-0.015594123862683773,0.00035838689655065536,4.768371808516747e-10,0.018139619380235672,-0.0016774460673332214,2.6990931034088135,51366.1484375,79.8386001586914,6.063931465148926,85.90260314941406,232.82183837890625,0.6315997838973999,0.275694876909256,0.23022735118865967,0.05013556778430939,0.4365024268627167
26.99262237548828,57.599998474121094,1000.0,465.0,0.273963063955307,0.0,10.0,0.9997516870498657,0.9997516870498657,0.9997516870498657,0.00024834275245666504,0.0,nan,0.34273356199264526,9320000.0,-0.016801854595541954,-0.001207730732858181,1.0967254882032762e-09,0.017394233494997025,-0.0007453858852386475,2.684709072113037,51450.9453125,78.69388580322266,6.084749221801758,84.7786865234375,235.9083709716797,0.6200945377349854,0.26873958110809326,0.2651118338108063,0.05201326310634613,0.43338486552238464
26.921579360961914,64.95999908447266,1000.0,466.0,0.2745828926563263,0.0,10.0,0.9991589784622192,0.9991589784622192,0.9991589784622192,0.0008410215377807617,0.0,nan,0.3430120348930359,9340000.0,-0.01632855087518692,0.0004733037203550339,-7.820129432900558e-09,0.017923902720212936,0.0005296692252159119,2.6525352001190186,51537.65234375,80.3951644897461,6.293030738830566,86.6882553100586,230.7117919921875,0.6092247366905212,0.26231640577316284,0.2645491063594818,0.05388586223125458,0.43057408928871155
26.65987777709961,74.37999725341797,1000.0,467.0,0.2720322906970978,0.0,10.0,0.9995728731155396,0.9995728731155396,0.9995728731155396,0.00042715665767900646,0.0,nan,0.34151405096054077,9360000.0,-0.016296062618494034,3.248825669288635e-05,2.0980834847250662e-09,0.016965385526418686,-0.0009585171937942505,2.648148775100708,51624.71875,80.7184066772461,6.326921463012695,87.04537963867188,229.76522827148438,0.6212045550346375,0.25895845890045166,0.30138352513313293,0.05182754993438721,0.4168649911880493
26.74724578857422,72.4000015258789,1000.0,468.0,0.27002865076065063,0.0,10.0,1.0000157356262207,1.0000157356262207,1.0000157356262207,1.5676134353270754e-05,0.0,nan,0.34038758277893066,9380000.0,-0.01635795459151268,-6.189197301864624e-05,7.486343100993054e-09,0.01933245360851288,0.0023670680820941925,2.6615991592407227,51711.84765625,80.893310546875,6.218914985656738,87.11227416992188,229.5887908935547,0.6229097247123718,0.26470842957496643,0.26310840249061584,0.051544189453125,0.4249548017978668
26.883596420288086,69.16000366210938,1000.0,469.0,0.2671162486076355,0.0,10.0,1.0012130737304688,1.0012130737304688,1.0012130737304688,0.0012130141258239746,0.0,nan,0.33927613496780396,9400000.0,-0.020061595365405083,-0.0037036407738924026,2.956390465769232e-09,0.018849976360797882,-0.00048247724771499634,2.668489456176758,51798.5859375,80.371826171875,6.346938610076904,86.71881866455078,230.63047790527344,0.6369199156761169,0.27735117077827454,0.29871317744255066,0.04930150881409645,0.43545687198638916
27.161405563354492,54.7400016784668,1000.0,470.0,0.26469719409942627,0.0,10.0,1.0011303424835205,1.0011303424835205,1.0011303424835205,0.0011303424835205078,0.0,nan,0.33814841508865356,9420000.0,-0.016583506017923355,0.0034780893474817276,4.386901952813105e-09,0.01969040557742119,0.0008404292166233063,2.662414312362671,51884.38671875,79.32144927978516,6.4616007804870605,85.7831039428711,233.14617919921875,0.6145303845405579,0.27295053005218506,0.2784319519996643,0.052959419786930084,0.44416117668151855
26.927352905273438,55.599998474121094,1000.0,471.0,0.2629801332950592,0.0,10.0,0.99921715259552,0.99921715259552,0.99921715259552,0.0007828176603652537,0.0,nan,0.33727332949638367,9440000.0,-0.01575111597776413,0.0008323900401592255,-5.722046170220096e-10,0.01731475628912449,-0.0023756492882966995,2.681612968444824,51971.71484375,81.11186218261719,6.197203636169434,87.30912017822266,229.0711669921875,0.6370202302932739,0.2821654975414276,0.22595787048339844,0.04928598552942276,0.4429457485675812
27.032419204711914,51.2599983215332,1000.0,472.0,0.25794658064842224,0.0,10.0,1.0002405643463135,1.0002405643463135,1.0002405643463135,0.00024050474166870117,0.0,nan,0.3360223174095154,9460000.0,-0.015608969144523144,0.00014214683324098587,1.9073485846288207e-10,0.019458571448922157,0.0021438151597976685,2.656935453414917,52058.4296875,80.35743713378906,6.336142539978027,86.69363403320312,230.69747924804688,0.6390590667724609,0.2756698727607727,0.2757413387298584,0.048972003161907196,0.4313684105873108
27.172775268554688,47.13999938964844,1000.0,473.0,0.2555656433105469,0.0,10.0,1.000542163848877,1.000542163848877,1.000542163848877,0.0005421638488769531,0.0,nan,0.3355124294757843,9480000.0,-0.01676263101398945,-0.0011536618694663048,-6.103515470812226e-09,0.019893193617463112,0.0004346221685409546,2.647435426712036,52144.734375,80.1358642578125,6.152074813842773,86.28800201416016,231.78196716308594,0.5965290665626526,0.2736641764640808,0.26110145449638367,0.0562039315700531,0.4587607681751251
26.879594802856445,48.279998779296875,1000.0,474.0,0.256306916475296,0.0,10.0,1.0010061264038086,1.0010061264038086,1.0010061264038086,0.0010060667991638184,0.0,nan,0.3358493447303772,9500000.0,-0.015060477890074253,0.0017021531239151955,-4.1961669694501325e-09,0.019124705344438553,-0.000768488273024559,2.6150214672088623,52236.55078125,85.57735443115234,6.209758758544922,91.78717041015625,217.89540100097656,0.657076895236969,0.28742316365242004,0.23595498502254486,0.04632309079170227,0.43742695450782776
26.55727767944336,57.29999923706055,1000.0,475.0,0.25621119141578674,0.0,10.0,1.0011036396026611,1.0011036396026611,1.0011036396026611,0.0011036992073059082,0.0,nan,0.33574455976486206,9520000.0,-0.018015384674072266,-0.0029549067839980125,-1.7166137400437265e-09,0.018531566485762596,-0.0005931388586759567,2.6247026920318604,52327.21484375,84.46952819824219,6.177170276641846,90.64674377441406,220.63673400878906,0.5778350830078125,0.270099401473999,0.3146713674068451,0.05989933758974075,0.4674333930015564
26.949987411499023,61.619998931884766,1000.0,476.0,0.2564862370491028,0.0,10.0,0.9989835023880005,0.9989835023880005,0.9989835023880005,0.0010164976119995117,0.0,nan,0.33512863516807556,9540000.0,-0.01591021753847599,0.0021051671355962753,1.4781951662712345e-08,0.019768839702010155,0.0012372732162475586,2.6312034130096436,52413.81640625,80.51725769042969,6.067847728729248,86.58515167236328,230.98651123046875,0.6187348365783691,0.27741214632987976,0.25047552585601807,0.05224211513996124,0.44835391640663147
27.113754272460938,56.81999969482422,1000.0,477.0,0.2521006464958191,0.0,10.0,1.0005359649658203,1.0005359649658203,1.0005359649658203,0.0005360245704650879,0.0,nan,0.33267444372177124,9560000.0,-0.01518284808844328,0.000727369450032711,2.8610229740877458e-09,0.020523928105831146,0.0007550884038209915,2.6639161109924316,52506.46875,86.280029296875,6.351374626159668,92.6314468383789,215.90940856933594,0.6703482866287231,0.2722654342651367,0.2505360245704651,0.04450705647468567,0.40615516901016235
27.111722946166992,57.41999816894531,1000.0,478.0,0.24666570127010345,0.0,10.0,1.000841498374939,1.000841498374939,1.000841498374939,0.0008414983749389648,0.0,nan,0.3306486904621124,9580000.0,-0.019699253141880035,-0.004516405053436756,3.8146971692576415e-10,0.018718929961323738,-0.0018049981445074081,2.669039726257324,52599.10546875,86.09713745117188,6.524350643157959,92.62154388427734,215.9324951171875,0.5606937408447266,0.2786804437637329,0.22064124047756195,0.0636177808046341,0.49702802300453186
27.019996643066406,55.880001068115234,1000.0,479.0,0.2434268295764923,0.0,10.0,0.9998629093170166,0.9998629093170166,0.9998629093170166,0.00013706088066101074,0.0,nan,0.32940641045570374,9600000.0,-0.01609891466796398,0.0036003384739160538,5.722046170220096e-10,0.017987802624702454,-0.0007311273366212845,2.6739614009857178,52691.3203125,85.87683868408203,6.316727161407471,92.19361114501953,216.93478393554688,0.6280305981636047,0.2757819890975952,0.20180976390838623,0.05070703476667404,0.43912190198898315
26.987016677856445,51.18000030517578,1000.0,480.0,0.2391045093536377,0.0,10.0,1.0004565715789795,1.0004565715789795,1.0004565715789795,0.0004565715789794922,0.0,nan,0.3276064395904541,9620000.0,-0.015158903785049915,0.0009400108829140663,4.386901952813105e-09,0.019155068323016167,0.001167265698313713,2.7096898555755615,52779.7890625,81.90411376953125,6.5473432540893555,88.45150756835938,226.11260986328125,0.6294468641281128,0.2696991264820099,0.26920464634895325,0.050479114055633545,0.4284699559211731
26.933517456054688,50.400001525878906,1000.0,481.0,0.22956034541130066,0.0,10.0,1.0000649690628052,1.0000649690628052,1.0000649690628052,6.496906280517578e-05,0.0,nan,0.3247411251068115,9640000.0,-0.016149913892149925,-0.00099101010710001,4.00543198608716e-09,0.018202044069767,-0.0009530242532491684,2.7200849056243896,52867.23828125,81.3130111694336,6.115215301513672,87.42827606201172,228.75897216796875,0.6197465062141418,0.2702697813510895,0.2805207669734955,0.052071698009967804,0.43609726428985596
26.737436294555664,47.560001373291016,1000.0,482.0,0.2202664613723755,0.0,10.0,0.9999151825904846,0.9999151825904846,0.9999151825904846,8.481740951538086e-05,0.0,nan,0.3218691349029541,9660000.0,-0.016881637275218964,-0.0007317233830690384,-6.484985437538171e-09,0.019491974264383316,0.0012899301946163177,2.7096171379089355,52954.453125,80.98804473876953,6.20960807800293,87.19770812988281,229.36386108398438,0.6129829287528992,0.265189528465271,0.23217573761940002,0.05322714149951935,0.4326212406158447
26.900423049926758,50.400001525878906,1000.0,483.0,0.21799826622009277,0.0,10.0,1.0007615089416504,1.0007615089416504,1.0007615089416504,0.000761568546295166,0.0,nan,0.3207789659500122,9680000.0,-0.017334265634417534,-0.00045262835919857025,-1.1444092340440193e-09,0.019685959443449974,0.00019398517906665802,2.7171757221221924,53041.97265625,81.26233673095703,6.236474990844727,87.49885559082031,228.57443237304688,0.6029281616210938,0.2571563720703125,0.3449961543083191,0.05501723662018776,0.42651256918907166
26.908771514892578,50.63999938964844,1000.0,484.0,0.21824809908866882,0.0,10.0,1.0007944107055664,1.0007944107055664,1.0007944107055664,0.0007944703102111816,0.0,nan,0.3203265964984894,9700000.0,-0.01900414749979973,-0.0016698818653821945,-6.675719976811934e-10,0.017116932198405266,-0.0025690272450447083,2.7311437129974365,53128.015625,79.7972183227539,6.229315757751465,86.0265884399414,232.48629760742188,0.5688660740852356,0.26647961139678955,0.3285524547100067,0.06180303543806076,0.46844005584716797
26.996694564819336,55.02000045776367,1000.0,485.0,0.21674343943595886,0.0,10.0,0.9998968839645386,0.9998968839645386,0.9998968839645386,0.00010311603546142578,0.0,nan,0.31972527503967285,9720000.0,-0.01649877056479454,0.002505376935005188,7.1525572131747595e-09,0.017871126532554626,0.0007541943341493607,2.7058353424072266,53215.046875,81.0118637084961,6.0003814697265625,87.01229858398438,229.85260009765625,0.6065021753311157,0.2626132369041443,0.22907505929470062,0.054370731115341187,0.43299636244773865
27.0216064453125,53.18000030517578,1000.0,486.0,0.21565140783786774,0.0,10.0,0.9999856352806091,0.9999856352806091,0.9999856352806091,1.436471939086914e-05,0.0,nan,0.320016473531723,9740000.0,-0.017297346144914627,-0.0007985755801200867,2.861023085110048e-10,0.019083905965089798,0.0012127794325351715,2.672358989715576,53305.546875,84.32339477539062,6.158148288726807,90.4815902709961,221.03945922851562,0.6082457900047302,0.265819251537323,0.2653653621673584,0.054059453308582306,0.4370259642601013
26.956100463867188,55.540000915527344,1000.0,487.0,0.21244099736213684,0.0,10.0,1.0000998973846436,1.0000998973846436,1.0000998973846436,9.983780182665214e-05,0.0,nan,0.3195280432701111,9760000.0,-0.015837300568819046,0.001460045576095581,-1.907348723406699e-09,0.01845031976699829,-0.000633586198091507,2.684156656265259,53393.3046875,81.24954986572266,6.487883567810059,87.73748779296875,227.9527587890625,0.6385271549224854,0.26372992992401123,0.24799136817455292,0.04905363544821739,0.4130285680294037
26.911544799804688,58.779998779296875,1000.0,488.0,0.2104925513267517,0.0,10.0,1.0010595321655273,1.0010595321655273,1.0010595321655273,0.0010595917701721191,0.0,nan,0.319313108921051,9780000.0,-0.01681062951683998,-0.0009733289480209351,-8.583068478174027e-09,0.019711313769221306,0.0012609940022230148,2.6906328201293945,53481.1015625,81.50812530517578,6.269488334655762,87.77766418457031,227.84841918945312,0.6169328689575195,0.2618158459663391,0.28879299759864807,0.052547745406627655,0.4243829846382141
26.888212203979492,58.880001068115234,1000.0,489.0,0.20977476239204407,0.0,10.0,1.001349925994873,1.001349925994873,1.001349925994873,0.0013498663902282715,0.0,nan,0.31947195529937744,9800000.0,-0.025232909247279167,-0.008422279730439186,-3.8146971692576415e-10,0.019452104344964027,-0.00025920942425727844,2.6936323642730713,53568.68359375,81.46698760986328,6.095431327819824,87.56246948242188,228.40838623046875,0.5728066563606262,0.26601555943489075,0.28772011399269104,0.060955628752708435,0.46440714597702026
26.852745056152344,58.70000076293945,1000.0,490.0,0.21053868532180786,0.0,10.0,1.0002434253692627,1.0002434253692627,1.0002434253692627,0.0002434253692626953,0.0,nan,0.31953126192092896,9820000.0,-0.01789768785238266,0.007335221394896507,-7.629394338515283e-10,0.018884118646383286,-0.0005679856985807419,2.696465492248535,53655.8671875,80.89839935302734,6.26511287689209,87.16356658935547,229.4536895751953,0.6117885708808899,0.2599838972091675,0.2855056822299957,0.05343517288565636,0.42495712637901306
27.0710391998291,52.68000030517578,1000.0,491.0,0.2129623144865036,0.0,10.0,0.9997629523277283,0.9997629523277283,0.9997629523277283,0.00023704767227172852,0.0,nan,0.3202459514141083,9840000.0,-0.017534365877509117,0.0003633219748735428,9.536743617033494e-10,0.017834017053246498,-0.0010501015931367874,2.703892469406128,53744.03515625,81.66007232666016,6.491466522216797,88.15159606933594,226.8819122314453,0.5815116167068481,0.2619849145412445,0.26990437507629395,0.05914433300495148,0.45052391290664673
26.424293518066406,57.70000076293945,1000.0,492.0,0.20769208669662476,0.0,10.0,1.0015175342559814,1.0015175342559814,1.0015175342559814,0.0015175938606262207,0.0,nan,0.31842130422592163,9860000.0,-0.013993470929563046,0.0035408949479460716,-9.727478378351861e-09,0.020185071974992752,0.002351054921746254,2.641244888305664,53831.82421875,81.4420394897461,6.327300071716309,87.76939392089844,227.86988830566406,0.6895822882652283,0.24529772996902466,0.30946192145347595,0.042058877646923065,0.35571932792663574
26.37131118774414,49.619998931884766,1000.0,493.0,0.19723287224769592,0.0,10.0,0.9994040131568909,0.9994040131568909,0.9994040131568909,0.0005959868431091309,0.0,nan,0.31442150473594666,9880000.0,-0.01594710536301136,-0.0019536344334483147,-6.532669072356612e-09,0.01972341723740101,-0.00046165473759174347,2.6678409576416016,53919.2109375,81.08899688720703,6.277878284454346,87.36692810058594,228.9196014404297,0.6159543395042419,0.25394299626350403,0.32117941975593567,0.05271483212709427,0.4122755825519562
26.22598648071289,50.560001373291016,1000.0,494.0,0.19551962614059448,0.0,10.0,1.0014452934265137,1.0014452934265137,1.0014452934265137,0.0014452339382842183,0.0,nan,0.3140915036201477,9900000.0,-0.01633777841925621,-0.00039067305624485016,-2.8610229740877458e-09,0.018028464168310165,-0.0016949530690908432,2.6805200576782227,54007.12109375,81.46440124511719,6.427409648895264,87.89187622070312,227.55233764648438,0.6178463101387024,0.25636452436447144,0.27891805768013,0.05239248275756836,0.414932519197464
26.941574096679688,44.68000030517578,1000.0,495.0,0.20005463063716888,0.0,10.0,1.0005323886871338,1.0005323886871338,1.0005323886871338,0.0005323290824890137,0.0,nan,0.3157266676425934,9920000.0,-0.01849886029958725,-0.0021610818803310394,-4.291534239087014e-09,0.018085872754454613,5.740858614444733e-05,2.6742138862609863,54095.0078125,81.57782745361328,6.287849426269531,87.86573028564453,227.6200408935547,0.568872332572937,0.2609062194824219,0.2703326344490051,0.06180167943239212,0.45863768458366394
26.97026824951172,48.41999816894531,1000.0,496.0,0.201045423746109,0.0,10.0,1.0002648830413818,1.0002648830413818,1.0002648830413818,0.00026494264602661133,0.0,nan,0.3156968951225281,9940000.0,-0.015888478606939316,0.002610381692647934,1.239776614703203e-09,0.019438477233052254,0.001352604478597641,2.671182632446289,54182.3125,80.99333953857422,6.292851448059082,87.28623962402344,229.13121032714844,0.6203435063362122,0.25204887986183167,0.23272192478179932,0.05197152495384216,0.40630537271499634
27.044109344482422,53.900001525878906,1000.0,497.0,0.20439060032367706,0.0,10.0,1.000375509262085,1.000375509262085,1.000375509262085,0.00037556886672973633,0.0,nan,0.31670793890953064,9960000.0,-0.017910229042172432,-0.002021750435233116,5.435943695175638e-09,0.018986357375979424,-0.0004521198570728302,2.6656486988067627,54269.1796875,80.54878997802734,6.29780912399292,86.84664916992188,230.29100036621094,0.5695715546607971,0.2533377408981323,0.40210336446762085,0.06165003776550293,0.44478657841682434
26.96515655517578,56.720001220703125,1000.0,498.0,0.2058182954788208,0.0,10.0,1.0017890930175781,1.0017890930175781,1.0017890930175781,0.0017890334129333496,0.0,nan,0.3172474503517151,9980000.0,-0.018014276400208473,-0.00010404735803604126,3.6239624634504253e-09,0.018907437101006508,-7.892027497291565e-05,2.6659274101257324,54357.625,81.97624206542969,6.452542781829834,88.42884063720703,226.1705780029297,0.5696511268615723,0.2653883993625641,0.289104700088501,0.061632804572582245,0.4658788740634918
26.87686538696289,58.720001220703125,1000.0,499.0,0.2021440714597702,0.0,10.0,0.9987432956695557,0.9987432956695557,0.9987432956695557,0.001256704330444336,0.0,nan,0.31600916385650635,10000000.0,-0.016661299392580986,0.0013529770076274872,4.959106458812812e-09,0.01651330478489399,-0.0023941323161125183,2.6433370113372803,54445.34375,81.53350067138672,6.1653242111206055,87.69886779785156,228.05313110351562,0.601389467716217,0.27182233333587646,0.2827582359313965,0.055299125611782074,0.4519904553890228
